01-10-2012	14261.3	13705.7	13673.0	13450.3	14551.9	21437.9	35582.8	38056.9	35192.3	33410.6	31972.1	31967.2	32502.6	31212.4	27704.9	26183.5	25899.7	27546.8	30902.2	32226.2	28038.9	23549.1	20836.7	16312.3	6
02-10-2012	13815.2	13290.0	13416.2	13424.6	14607.3	21604.4	36274.4	36846.8	34012.0	31996.7	30772.6	31212.0	31925.3	31221.3	28082.1	26270.8	26023.8	28019.3	31906.8	32429.2	27880.0	23147.9	20957.8	15324.4	6
03-10-2012	11078.6	11697.2	11279.2	11198.1	12768.4	20138.0	34931.9	37314.8	34414.3	31886.9	30456.6	30552.1	31558.2	30476.8	27743.6	26022.8	25997.0	28242.3	31042.9	32205.7	27964.7	23597.8	20851.1	16044.3	6
04-10-2012	13771.8	13011.6	12756.0	12661.6	13957.2	21665.0	36087.8	38116.9	34242.8	32094.9	30807.0	31245.3	31911.9	30962.1	27982.7	26031.9	25612.4	27847.9	31213.1	32037.0	27599.1	23238.5	20826.7	15697.4	6
05-10-2012	13551.6	12653.2	12581.7	12516.8	14060.3	21484.9	35658.7	38200.6	34912.5	32437.4	30219.3	30616.9	32040.3	31257.1	28179.3	26272.5	25954.0	27709.7	30704.5	30711.2	26048.8	22459.6	20299.4	16377.4	6
06-10-2012	14036.0	13168.7	12758.2	12569.2	13392.8	16693.4	23824.1	32488.1	36058.1	35086.6	33065.6	32148.0	32596.9	30842.0	27668.6	25895.9	25595.1	26710.9	28884.1	28152.1	24205.4	21621.2	19965.6	17302.7	5
07-10-2012	14533.8	13541.4	13141.5	12773.0	12752.3	14325.2	19049.3	27575.6	33660.9	35185.5	33326.3	31727.5	30934.9	29214.0	25723.6	24180.7	24459.1	26356.1	29460.3	29433.6	25365.6	21946.2	20443.2	16332.2	5
08-10-2012	13857.4	13021.2	12754.9	12301.5	14006.6	21124.2	34981.6	37130.0	34962.6	33307.8	31129.4	30938.9	31765.7	30463.0	27507.8	25792.9	25472.8	27380.5	30686.8	31891.4	27316.3	22708.1	20497.0	15947.1	6
09-10-2012	12968.9	12510.8	12298.3	12284.6	13808.2	20842.7	35240.9	37516.9	34174.2	31704.4	30700.1	31033.0	31679.4	31013.7	28346.6	26285.5	25776.6	27930.9	31420.0	32391.8	27517.6	23188.4	20875.8	16109.7	6
10-10-2012	13122.7	12594.3	12545.6	12815.2	14219.1	21309.8	35203.6	37791.8	34205.2	31686.7	27196.4	30333.1	31090.0	18911.4	16582.2	36793.5	26007.5	27900.6	31325.5	32270.7	27980.9	13368.1	10553.2	25489.9	6
11-10-2012	11809.1	11138.1	10884.0	10787.0	12549.7	19433.8	33324.0	35604.6	31296.8	31267.2	29768.3	30139.8	31101.6	29831.0	26765.9	24474.1	25016.1	27328.2	30578.5	31436.1	27107.0	22977.7	13214.3	20555.4	6
12-10-2012	11562.0	10734.0	10505.5	10459.6	11436.0	18018.2	31773.2	35151.7	32477.8	30832.8	27536.2	31009.6	31636.1	30819.8	27881.5	25967.1	25565.5	27469.1	30095.6	29979.6	26326.5	22475.5	19669.4	15951.9	6
13-10-2012	13545.6	12736.8	12493.3	12276.5	12848.9	16022.5	22278.7	31178.3	35980.6	34455.6	31882.5	31144.1	31478.4	29954.6	26489.8	24808.3	24273.5	25866.8	27737.9	27389.1	23865.5	21169.3	19614.5	16750.1	5
14-10-2012	13823.7	12942.9	12593.8	12421.3	12514.2	13694.1	17841.2	25834.9	32030.1	33285.7	32201.6	31269.5	30709.6	28201.0	25099.9	23683.1	24071.6	25978.5	28248.2	28519.4	25003.2	21985.6	19167.4	15400.4	5
15-10-2012	12777.6	12252.6	11991.6	12031.7	13157.4	20151.1	32895.2	34945.6	33374.9	31845.3	30393.6	30233.8	30579.3	29408.4	26211.9	25145.1	25067.6	26833.4	29941.5	31061.6	27073.9	22859.1	19784.8	15605.2	6
16-10-2012	12634.0	12005.3	11939.8	11937.9	12833.1	19991.1	34280.0	37078.7	34262.2	31912.0	30283.4	30234.7	31333.8	30274.2	27106.6	25653.1	25441.3	27258.4	30578.9	31657.1	27460.2	22933.9	19791.1	15273.2	6
17-10-2012	12746.6	12297.8	11768.7	11741.2	13022.3	20137.7	34202.5	36434.8	33488.6	31091.8	29804.1	29990.4	30772.9	29759.9	26720.0	24752.3	24923.8	27446.4	30567.0	31538.5	27189.6	22738.3	19864.0	15321.0	6
18-10-2012	12735.5	12236.1	12028.8	12172.2	13344.2	20252.4	34057.7	36769.8	33724.6	31159.7	30127.3	30259.9	30938.9	29621.7	25340.4	25437.7	25224.1	27429.2	30613.1	31129.5	27240.1	23079.0	20297.6	15759.8	6
19-10-2012	12944.3	12179.6	11877.7	11865.6	13096.4	20674.2	33843.5	37350.6	34189.3	31653.3	30418.6	30478.7	31523.7	29960.3	27527.9	25721.1	25388.4	27382.9	30268.6	30247.3	25931.7	22161.0	19155.8	15900.5	6
20-10-2012	13453.8	12527.3	11970.9	11849.0	12615.5	15619.6	22695.8	32117.0	36559.5	35211.8	32595.7	31499.8	32088.5	30720.7	27521.5	25312.3	24810.4	26287.0	28413.3	27572.4	23589.5	20828.8	19105.2	16216.3	5
21-10-2012	13561.9	12732.0	12334.7	12074.7	12113.3	13460.9	17803.1	27499.1	34810.1	35036.7	32382.3	30642.8	29844.1	28856.2	25241.8	23254.7	23489.7	25938.5	28830.6	28624.6	24764.0	21646.0	19105.9	15203.5	5
22-10-2012	12367.0	11712.3	11614.6	11677.5	12981.5	19780.1	32941.7	36222.2	33931.6	32417.6	30937.8	30892.1	31548.0	29729.6	27105.7	25499.0	25182.9	27213.8	30119.8	30947.8	26969.0	22687.0	19449.1	14956.9	6
23-10-2012	12340.8	11798.4	11619.1	11765.0	13050.1	20189.7	33674.7	26932.0	43756.8	31701.8	30122.4	30570.9	31243.3	30246.3	27546.5	25384.6	25089.7	27605.8	31046.3	31667.3	26947.4	22586.6	19633.0	15075.0	6
24-10-2012	12658.3	11552.5	11585.1	11484.1	13036.7	20478.8	34311.1	36717.4	33384.6	30950.6	29747.1	30088.3	30925.5	30240.4	26843.0	25298.2	24876.0	27250.8	30163.5	30926.1	26846.7	22499.9	20187.3	15100.6	6
25-10-2012	12398.6	11510.9	11390.9	11406.8	13185.0	20486.3	34301.4	36662.6	33449.2	31226.3	29486.2	29606.7	30609.2	29855.2	26720.2	25001.8	24993.7	27473.6	30069.9	30562.9	26654.1	22390.4	19989.0	15338.8	6
26-10-2012	12498.8	11841.7	11484.2	11580.5	13323.3	20468.9	33365.1	35914.1	33272.4	31136.6	29833.5	29782.2	30067.9	29377.1	26396.5	24966.0	25002.7	26772.1	29310.9	29502.0	24901.2	21483.3	18872.9	15504.3	6
27-10-2012	12937.5	11847.8	11536.5	11555.8	12283.4	15290.0	22001.3	30075.0	34923.8	34091.8	31895.2	31177.8	31502.8	30041.5	26931.8	25135.8	25004.3	26438.7	28104.2	27671.2	23758.2	20761.4	19023.8	15933.6	5
29-10-2012	11947.4	11149.5	10714.2	10601.9	12906.5	21281.4	36505.6	37290.9	33767.9	32047.4	30788.4	30750.4	31087.0	29811.6	26614.1	24730.4	25082.4	26629.3	28806.2	29240.5	25863.3	22036.5	19462.5	14573.0	6
30-10-2012	12183.4	11384.6	11140.0	11370.6	12377.8	21137.5	36303.6	37385.4	32990.2	30701.5	29359.7	29621.9	30471.3	29239.8	26178.3	24588.4	24668.4	26734.0	29587.8	30469.4	26192.3	21896.8	19087.0	14640.5	6
31-10-2012	12425.1	11767.0	11473.4	11722.1	13173.1	20825.3	34954.6	36183.7	32610.7	30614.2	28926.5	29310.3	30050.6	29140.7	25801.9	24481.6	24583.7	26001.6	28233.9	28356.2	24365.8	20426.2	18988.1	15195.0	6
01-11-2012	13096.3	12063.4	11719.0	11654.5	12122.0	14147.4	20004.1	28888.0	33801.8	33625.9	30991.7	29582.6	29110.8	27426.3	24441.7	22531.1	22335.5	23610.8	25172.5	25247.9	21705.1	18542.3	17302.4	14043.3	2
02-11-2012	12369.2	11523.7	10966.8	10916.1	11991.6	16144.2	25213.7	31905.8	33549.1	31671.1	28963.7	28845.8	29327.1	28033.9	24966.1	23406.4	23147.6	24465.6	26218.2	26443.1	22696.6	19260.3	17296.5	14579.4	1
03-11-2012	11923.2	11392.0	11064.4	11070.4	11976.5	14857.1	21097.5	28418.6	32560.5	32006.2	29667.9	28592.2	28682.5	27156.2	24525.8	23117.1	23353.8	24084.6	25609.8	25530.0	21462.7	18731.6	17499.0	15225.5	2
04-11-2012	12420.5	11589.2	11152.8	11000.7	11461.3	13015.6	17434.9	25106.9	31110.7	32023.8	30833.3	29351.9	28892.3	27043.2	23716.5	23168.8	23769.6	25446.5	21182.9	32659.9	23408.7	20319.3	18140.7	14142.6	2
05-11-2012	12141.1	11547.2	11183.3	10930.9	12491.1	20072.5	34432.6	36031.7	32846.8	31550.1	30258.2	30234.2	30584.5	28287.1	26595.9	24655.4	24844.7	26667.7	29472.8	30608.5	26117.6	21612.9	19003.5	14335.4	1
06-11-2012	11974.2	11278.7	11069.9	11094.1	12937.5	20031.1	35410.8	37219.8	33541.2	30683.6	29128.1	29946.3	30700.3	29608.1	26375.9	24645.2	24473.2	26859.4	30004.9	30699.3	26289.1	22241.5	19827.5	15089.0	1
07-11-2012	12859.9	11446.4	10859.1	10923.3	12677.4	20266.9	35390.7	37387.1	33496.8	31074.5	29663.6	29551.6	30408.5	29375.2	22574.9	24312.7	24642.6	26773.1	29585.1	30611.2	26376.4	22345.1	19623.8	14967.5	1
08-11-2012	12262.1	11213.8	10883.1	10950.7	12526.3	20344.1	35304.1	36912.6	33376.2	30434.8	29226.1	29604.7	30416.9	29285.7	26028.7	24462.1	24452.3	26552.5	29434.7	30278.6	25848.4	21445.1	19389.3	15139.8	1
09-11-2012	12492.0	11476.0	11191.3	11273.4	13011.5	20129.3	34715.3	36904.9	33512.7	29414.5	25118.5	25207.7	26028.7	25498.9	22911.4	24064.5	25279.1	26724.4	29086.9	29123.5	24908.9	21426.7	18476.2	15277.6	1
10-11-2012	12710.8	11777.4	10965.4	10902.1	12028.9	15153.8	22476.2	30451.4	34528.3	33776.8	31377.1	30496.6	30894.1	29319.8	26059.0	24778.7	24856.7	25941.5	27409.8	26962.2	22857.1	19995.0	18388.5	15837.3	2
11-11-2012	13185.2	11816.1	11263.1	11187.0	11634.9	13274.5	17273.5	26198.6	33490.3	34804.1	33304.0	31621.9	30999.3	29143.8	25653.8	23421.8	24320.6	25615.2	27836.7	28296.0	24514.9	20957.4	18844.9	14514.0	2
12-11-2012	11711.1	11085.1	10815.6	10778.2	12561.8	19773.9	34686.1	36774.0	34149.1	32132.4	30748.7	30327.2	31215.9	29965.3	26615.1	24763.8	24802.3	26506.1	29284.8	30436.8	26502.6	22066.6	19453.0	14678.7	1
13-11-2012	12355.4	11532.1	10851.5	10860.3	12703.8	19803.7	34224.8	36902.6	33619.3	30870.4	29608.4	30383.6	30968.9	29924.4	26119.4	24655.4	24894.3	26722.9	29538.4	30426.3	26362.1	21750.4	19247.8	15109.0	1
14-11-2012	12012.0	11188.9	10892.3	11091.4	12597.4	19836.1	33793.0	36397.6	33380.6	30939.1	28662.0	28618.1	29174.1	27954.9	24573.6	22813.2	23120.6	25464.5	28391.7	29296.4	25330.2	21013.6	18302.2	13671.9	1
15-11-2012	11510.0	10583.1	10310.9	10452.2	11615.3	18786.7	33555.5	35394.0	32923.7	30162.0	26297.6	27875.1	28426.8	27458.8	24578.0	22707.4	23264.2	25036.7	27577.6	28321.4	24747.5	20678.0	18091.5	14476.2	1
16-11-2012	11312.2	10278.3	9981.19	10029.6	11506.6	18687.5	33057.3	35402.2	32498.9	30138.1	28668.6	28515.6	29006.4	28206.4	26525.5	23525.6	19125.0	16661.7	35397.1	28139.3	24062.0	20511.4	17966.2	14957.2	1
17-11-2012	11926.9	10632.5	10280.9	10147.2	10594.6	14295.0	21177.8	29979.8	33853.2	32730.1	30588.3	29014.0	29049.6	28673.5	26260.9	23830.8	23506.8	24294.4	25767.3	24283.2	21698.8	18747.4	17436.4	14734.0	2
18-11-2012	12077.8	10793.5	10119.1	9717.39	10072.4	11575.5	16783.4	25674.4	32726.0	33704.6	32120.7	30377.5	29786.3	27828.9	24045.2	22127.2	22640.3	24393.4	26891.1	26492.1	22851.1	20047.4	17312.7	13258.7	2
19-11-2012	10915.1	10349.4	10002.9	9881.49	11427.0	18356.6	31710.0	34520.4	32276.7	29346.6	29177.6	29079.6	29837.4	28679.7	25336.9	23578.8	23552.4	25127.9	28219.7	29338.8	25436.2	20337.8	18202.5	13451.1	1
20-11-2012	10650.1	10832.9	10485.0	9878.19	11414.8	18231.3	32914.5	35580.4	31652.8	29775.3	28508.5	28637.0	30182.1	29660.1	26404.2	24820.3	25229.7	26924.0	30079.8	30894.9	26285.2	21822.9	19436.8	14544.1	1
21-11-2012	12330.4	11604.1	11227.3	11061.4	12932.6	15470.6	34366.7	36881.3	33518.9	31187.2	28623.8	28231.7	28452.1	27454.2	25061.8	23614.8	24372.1	26146.6	28461.8	29307.9	26293.9	21456.5	18146.8	13636.9	1
22-11-2012	11255.1	10359.5	9982.09	9991.9	11448.0	18732.8	33281.7	35454.9	32124.8	29552.6	28370.2	28452.4	29303.0	28055.3	25112.7	23348.4	23523.7	25516.5	28218.6	29021.8	25022.3	20692.9	18311.5	13863.5	1
24-11-2012	11488.3	10713.0	10438.7	10258.5	10732.4	13711.8	21486.2	30183.3	34760.8	33107.7	30479.1	29358.2	29647.0	27874.0	24740.6	23218.4	22865.9	23895.9	25597.9	25098.8	21374.7	18177.1	16813.9	14429.8	2
25-11-2012	10167.0	8976.65	8511.12	8468.49	8814.82	10579.8	14494.5	22643.9	30001.2	30665.0	29168.9	27773.7	26928.1	25125.8	21505.2	19949.5	19659.9	21506.3	24095.8	24074.4	20653.4	17378.0	15775.7	12527.0	2
29-11-2012	11082.8	10350.0	9819.75	9715.8	10889.4	17124.9	31373.9	33242.5	30715.9	28352.6	26816.5	27196.0	28496.4	27160.8	23910.6	21776.9	21592.9	23578.3	26443.6	26911.5	23007.2	18937.9	16576.0	12185.1	1
01-12-2012	12995.8	12059.4	11717.0	10858.7	11913.1	15150.1	22148.2	30200.9	34200.0	33689.5	31704.6	30642.2	31071.8	29223.2	26238.9	24699.6	24612.1	25677.3	27018.4	26704.9	22977.5	20584.1	18608.7	16268.5	2
02-12-2012	13560.9	12350.3	11689.0	11182.7	11604.3	13048.7	17446.5	25811.9	33405.9	34568.6	32840.6	31574.5	31055.8	29082.8	25318.1	23606.9	24133.7	25663.3	27624.9	27920.7	24155.6	20868.5	18559.9	14616.2	2
03-12-2012	11894.7	10660.9	10393.7	10529.4	12661.5	19542.6	33161.9	36175.9	33775.4	32012.8	30614.1	30619.1	30999.2	30168.5	26789.1	24832.1	24731.6	26314.6	29188.3	30622.0	27026.2	22357.7	19549.1	15090.8	1
04-12-2012	11855.2	10976.3	10266.3	10904.6	12390.5	19330.2	33401.7	35925.4	33682.8	32114.7	29506.7	29732.5	30793.0	30359.6	26927.0	24946.6	24986.7	26892.7	29856.9	30706.8	27044.8	22357.2	19356.8	14954.4	1
05-12-2012	12084.3	11221.7	10918.9	11052.6	12703.7	21953.9	34474.4	36025.6	33665.0	31033.3	29722.8	29871.6	30601.8	29902.3	26636.1	24716.6	24862.9	26937.2	29736.8	30666.4	26808.0	22571.3	19421.2	15148.3	1
06-12-2012	12087.3	11315.6	10986.8	11077.8	12751.0	20016.1	33575.5	36409.1	33626.8	31345.2	30299.3	29875.3	30801.6	29698.1	17632.3	31522.9	24325.5	26118.8	28688.9	29021.7	25346.5	21571.4	18933.8	15219.7	1
07-12-2012	12675.4	11892.3	11476.5	11477.7	12143.9	15427.4	22402.0	31059.8	34840.2	33179.5	30603.0	29732.9	29500.6	27698.7	24805.5	23110.3	22929.8	21745.7	25857.5	25777.0	22267.1	20135.9	18076.4	14799.5	2
08-12-2012	12745.1	11890.1	11514.9	11394.8	11801.1	13678.7	18636.3	27804.1	33657.8	33494.9	31026.7	29744.4	29848.6	28048.8	25003.7	23253.1	22946.1	23919.5	25702.9	25701.3	22207.4	19927.7	18479.9	16042.4	2
09-12-2012	13048.8	11984.2	11555.2	11408.2	11675.7	13232.4	17340.4	26114.2	32914.2	34148.1	32394.1	30605.6	30465.4	29076.3	25278.7	23635.4	24775.1	26018.2	28136.8	28439.0	24991.8	21568.3	19418.3	15013.0	2
10-12-2012	12150.4	11290.1	11008.0	10995.3	12902.5	19846.7	32982.4	35613.5	33975.7	32347.9	30760.7	30770.2	31581.8	30243.8	27043.8	25517.9	25430.6	27053.1	29742.4	30824.4	27119.7	22663.5	19656.0	15148.3	1
11-12-2012	12365.0	11695.0	11511.6	11518.6	12441.1	20074.6	33734.0	36712.3	33789.0	31579.3	29816.5	29969.5	31125.5	30419.8	27379.6	25611.7	25019.8	27063.2	30182.8	30934.3	27549.6	22874.5	19814.8	15167.4	1
12-12-2012	12234.2	11499.5	10905.1	10813.1	13035.7	20403.7	34167.6	36805.1	33627.1	31576.5	30058.1	30339.1	30840.4	29745.1	26859.8	25193.2	25195.2	27425.8	30041.2	30589.1	27255.9	22793.9	19879.9	15250.9	1
13-12-2012	12473.3	11719.4	11577.9	11560.8	13336.9	20289.8	33837.0	36396.7	33420.6	31184.9	29862.7	29931.2	30414.0	29662.2	26523.5	25064.2	25005.3	26003.0	28758.5	29374.3	27081.7	22865.2	19754.9	15999.9	1
14-12-2012	13064.1	12181.9	11849.9	12157.3	13620.7	20111.9	31573.7	33260.9	32798.7	32036.1	30717.6	30555.9	30842.3	29691.9	26954.2	25580.1	25840.6	27725.5	29757.7	29695.2	25436.1	22070.2	19441.0	16085.8	1
15-12-2012	13108.8	11837.8	11444.4	11363.1	12161.6	15414.6	22030.8	30648.0	35813.8	35777.0	33017.0	31740.8	31970.8	30481.5	27362.8	25610.2	25507.9	26818.5	28490.0	28159.6	24168.3	21351.4	19979.6	16598.0	2
16-12-2012	14002.9	12776.2	12322.4	12034.3	12265.1	14050.0	18144.2	27524.5	35948.6	36694.1	34388.6	32677.0	31855.4	30142.1	26410.0	24084.0	24965.7	26364.2	28212.3	28871.4	25038.3	22133.0	20083.7	15769.8	2
17-12-2012	12728.3	11610.0	11282.7	11326.0	13067.9	20086.1	33078.1	35750.1	34207.1	32739.9	31213.2	31062.3	31441.4	30538.1	27471.3	25551.6	25233.6	27261.9	29868.3	30806.5	27148.2	23373.8	20448.2	16421.2	1
18-12-2012	13345.1	12618.2	12002.5	12033.8	13205.4	20026.4	33284.0	36469.4	33998.4	31890.1	30524.3	30500.2	31232.1	30433.0	27285.5	25394.0	25498.3	27534.1	30344.5	31049.4	27070.8	23529.7	20991.9	16472.2	1
19-12-2012	13336.6	12384.5	12014.9	12033.2	13114.8	20384.6	33968.3	36905.9	34216.4	32072.6	30592.1	30701.4	31292.5	30362.9	27373.3	25101.2	15760.2	25279.5	29205.3	30312.2	27100.0	23340.8	20745.0	16250.8	1
20-12-2012	13392.7	12208.4	11946.8	11899.2	13422.8	20238.8	34016.8	37249.2	34364.4	31844.8	29829.9	30317.0	30714.7	29775.2	26989.4	24982.0	25217.0	27069.6	29631.6	29956.8	26632.6	23094.8	20176.1	16579.3	1
21-12-2012	13285.4	12227.6	11910.4	12095.5	13604.8	20089.7	33014.4	35962.6	33874.0	31553.1	30230.8	30080.1	30205.6	29619.6	27187.0	25312.7	25381.1	26924.8	29033.1	28977.3	25380.7	22442.2	19937.3	16501.7	1
22-12-2012	13566.7	12312.8	11893.4	11948.1	12631.3	15801.6	22606.2	31337.2	35534.3	34426.3	31551.2	30602.5	30592.4	29176.7	26215.9	24405.7	24210.4	25431.7	26956.2	26664.7	23428.2	20688.5	18453.4	10887.0	2
23-12-2012	13274.0	12357.1	11832.9	11719.3	12363.6	14277.2	18694.8	27408.7	34527.1	34378.9	31560.8	29956.6	29532.3	28180.1	24776.7	23199.5	22966.8	24323.9	25952.3	26207.8	23099.7	20837.6	18687.0	15168.2	2
24-12-2012	12943.0	11942.7	11499.8	11431.1	12485.2	15869.0	22711.1	30810.7	34363.2	33104.6	30417.8	29440.5	29843.9	28940.7	26733.0	25671.8	25632.7	25830.5	25730.0	23658.2	21852.9	20433.3	18824.2	16132.9	2
25-12-2012	14646.4	13132.6	12101.9	11710.6	11791.3	12763.7	16292.9	23372.8	30567.5	33108.9	31475.3	26081.2	21228.7	21111.9	21096.1	20573.3	20322.2	20618.5	21411.1	21735.8	20536.2	18684.3	17668.1	15174.2	2
26-12-2012	12911.0	12069.1	11153.6	10931.9	11523.0	12774.9	15728.5	21968.3	28837.9	32322.0	32062.1	29167.4	26299.9	25057.3	23239.2	21979.5	21738.3	22575.9	23932.2	24265.7	21964.8	18911.7	17894.8	14868.4	2
27-12-2012	12370.0	11579.2	11311.1	11231.2	12452.3	15638.9	22420.7	28907.6	32155.0	31974.5	27514.8	29189.7	29126.1	28083.9	24772.0	23086.6	22817.4	24122.8	25923.2	26625.8	23141.0	19918.6	17803.3	15188.2	2
28-12-2012	12670.9	11494.0	11213.9	11226.4	12572.8	15696.7	22791.9	29985.2	32645.0	31868.9	29743.1	28755.1	28837.8	27597.3	24622.9	23166.1	22727.7	23844.9	25527.1	25800.0	22928.6	19685.7	17950.9	14699.5	2
29-12-2012	12495.1	11484.7	11303.4	11234.7	11815.3	14356.3	18639.2	26864.4	31690.3	31804.2	29888.9	28628.0	28346.2	26925.2	23962.0	22024.5	21871.8	22501.2	24131.4	24269.3	21478.8	18897.8	17818.2	14941.2	2
30-12-2012	12758.5	11982.4	11592.9	11524.3	11826.8	13108.6	15985.0	23554.5	29524.4	30571.9	29413.8	28121.5	27549.3	26024.0	22888.0	21499.5	21365.0	21886.1	23641.3	23691.3	20910.6	18462.1	17140.6	14417.8	2
31-12-2012	12142.3	11530.4	11220.3	11126.4	11758.5	14752.0	19650.2	26940.4	30996.1	30834.2	28812.3	27962.2	28149.9	27400.4	25311.4	24519.2	25107.4	25797.8	25192.1	21879.3	19464.6	17967.9	17027.1	15367.9	2
01-01-2013	15269.6	14124.6	13033.7	12261.0	11893.7	12256.4	13624.7	17792.6	22939.9	27345.3	27549.4	26512.9	25129.4	24088.5	21665.3	20726.0	20835.0	21272.2	22645.6	23134.2	20874.9	18010.6	16900.2	13590.1	2
02-01-2013	11959.1	11512.0	11454.1	11413.5	12128.2	15729.4	21154.3	26841.6	29319.5	29101.0	28114.5	27545.2	27615.9	26378.3	24274.1	22804.7	22658.3	23920.8	26040.2	26450.9	22927.9	19895.6	17806.9	14773.5	2
03-01-2013	12397.1	11680.0	11438.0	11478.0	12438.6	15583.6	22132.2	28859.8	30795.4	30344.0	27862.0	27780.5	28101.1	26979.7	24191.2	22634.3	22785.5	23779.4	25685.6	26290.6	23941.8	20253.7	18181.6	14649.1	2
04-01-2013	12248.9	11728.1	11302.7	11335.0	12219.5	15352.5	23083.1	29682.6	31572.5	29358.6	27977.7	28306.5	21928.6	32040.8	24255.5	22636.9	22409.9	21378.8	22305.1	25785.8	22905.6	19716.6	17751.4	14707.6	2
05-01-2013	12376.9	11230.1	10833.2	10704.9	11791.7	13853.8	18483.8	26388.1	31641.5	31859.2	29580.7	28583.9	28640.5	27036.5	23985.7	22370.8	22243.3	23242.1	24755.8	24850.2	22347.8	19543.8	18260.1	15435.7	2
06-01-2013	12824.2	11928.6	11477.3	11138.6	11316.4	12910.1	16675.8	24706.2	31957.3	33898.9	32622.6	30934.5	29274.3	28043.2	24859.3	22972.2	23618.5	25702.8	27448.6	27589.9	24086.1	20744.2	18054.2	14952.9	2
07-01-2013	12085.4	11474.1	11201.4	11181.2	12671.4	18936.5	30995.0	33460.8	31784.8	30711.7	29686.2	29394.0	19509.9	36287.5	25552.6	23551.8	24650.2	26782.5	29461.9	30536.5	26684.8	21962.6	19055.7	14556.8	1
08-01-2013	12331.1	11436.6	11028.0	11108.5	12835.2	19067.8	31830.7	34637.6	32487.6	30584.6	27631.0	29501.6	29986.8	28793.3	25569.9	24102.7	23945.5	26104.2	29126.7	29915.7	26462.4	22283.5	19654.1	14504.3	1
09-01-2013	12560.7	11425.5	10810.5	10849.5	12825.2	19107.8	31842.4	34726.1	32370.4	30052.8	28134.7	28920.6	29759.4	28692.6	25698.5	23530.3	23730.9	26039.8	29150.0	30068.6	26330.2	22473.1	19626.6	15123.3	1
10-01-2013	12937.1	11613.1	11309.0	11391.7	12556.2	18536.8	31636.9	34375.5	32638.4	29384.0	29852.7	30261.2	29318.9	28523.8	21466.7	24885.0	25064.4	26421.3	29522.8	30434.2	26120.0	21442.5	18425.6	16303.9	1
11-01-2013	12868.2	11274.1	9989.52	10102.7	11171.3	17442.7	30511.2	33391.6	32802.4	29710.3	31498.9	31232.4	31662.3	31015.7	27900.1	26450.1	26372.1	27826.6	30163.4	30634.9	26672.4	23013.2	20683.4	17121.5	1
12-01-2013	14194.0	13005.8	12696.6	12816.0	13380.8	16058.8	22661.2	30846.9	36282.6	36373.1	34236.6	32927.7	32635.9	30303.9	27209.8	26518.5	26184.9	27499.7	28767.2	28313.2	24352.9	21268.6	20033.2	17949.6	2
13-01-2013	14715.3	12928.7	12391.5	12105.4	12982.1	14481.7	18076.2	24967.2	32442.7	34858.9	34084.6	32618.1	31221.3	29382.0	25597.0	24012.7	24466.0	26115.4	28153.4	28337.3	24170.6	21064.1	18722.2	14832.5	2
14-01-2013	11941.2	11324.2	11073.2	11189.0	12910.8	19487.0	32459.3	35538.6	33789.6	32413.2	30918.1	30800.2	31171.2	29749.4	26643.8	25148.3	24896.8	26641.8	29869.2	31058.1	27021.5	22252.6	19208.8	14413.7	1
15-01-2013	11916.2	11218.9	10872.3	11079.2	12546.1	19360.8	32843.2	35702.3	33285.2	31528.2	30147.6	30238.5	30779.5	29669.5	26204.3	24775.1	25083.1	27276.4	30310.8	31321.7	26987.2	21929.2	20007.4	15068.8	1
16-01-2013	12494.3	11834.7	11523.5	11514.8	12577.7	19833.8	32762.3	35997.2	33670.5	32116.6	30499.7	30572.5	31328.8	30239.2	26934.5	25213.7	25329.3	27182.2	30435.4	31183.6	27268.8	22469.6	19704.2	15180.1	1
17-01-2013	12306.8	11397.5	11189.4	11232.8	12880.6	19607.2	32585.0	35649.7	33762.7	31820.8	30270.8	30222.3	31296.9	30078.6	26778.6	24918.3	25390.2	27098.3	30015.5	30959.0	26757.1	22218.7	19639.3	15317.9	1
18-01-2013	12497.6	11679.7	11419.6	11419.9	12533.1	19389.2	32343.7	36140.1	34942.4	30635.4	31491.1	31807.0	32355.2	30485.6	28045.6	26899.4	27016.3	28481.6	30728.3	31063.1	27014.6	23208.9	20526.4	16705.8	1
19-01-2013	14328.5	13286.3	12805.4	13006.2	13471.1	16166.2	22234.2	30527.7	36157.4	36595.7	34318.6	33106.5	33107.3	31184.8	27850.1	24949.6	25797.9	27793.6	29447.1	29008.1	23988.6	20853.0	19187.1	17722.4	2
20-01-2013	14773.1	13565.6	12793.0	12458.5	12794.1	14502.2	18060.8	25533.2	34172.2	35630.9	35316.5	34025.9	32973.1	30833.6	27178.8	25365.5	25700.2	27877.7	29564.5	30100.8	25388.5	22183.1	20005.8	10376.5	2
21-01-2013	7830.76	9754.03	12479.0	12224.2	13921.2	20869.5	33601.3	36396.5	35285.7	33906.4	32478.9	32143.8	32795.8	31371.3	26573.2	24295.1	25134.8	26686.3	29566.2	30905.5	26194.2	21634.9	19157.7	14924.5	1
22-01-2013	12245.1	11480.7	11230.9	11163.9	12511.2	19474.2	32170.9	34614.8	32674.2	30952.7	29652.0	29712.3	30477.8	29470.1	26299.6	24632.1	25050.1	26812.8	29508.1	30351.7	26583.9	22199.7	19149.1	14514.9	1
23-01-2013	11730.6	11117.5	10750.8	10854.4	12401.5	19427.7	32308.8	35582.2	33300.1	31516.2	30434.3	30147.9	30507.3	29526.4	26301.1	24777.0	25162.0	27316.5	29790.1	30437.8	26446.6	21586.9	18918.8	14089.9	1
24-01-2013	11963.5	11177.6	10896.5	10987.9	12614.8	19164.6	32495.4	35992.9	33622.1	31698.9	30324.8	30076.5	31063.6	29942.2	26447.3	15638.9	29690.1	25595.3	18501.5	38216.6	25963.4	21911.8	19298.2	14974.2	1
25-01-2013	12048.6	11129.8	10886.2	10999.9	12453.2	19295.9	32606.8	35765.9	33570.2	31809.3	23833.0	23451.1	23359.8	29613.8	17180.6	22475.6	24913.5	26768.8	28527.6	28630.4	25206.6	21531.2	18753.4	14882.4	1
26-01-2013	12506.4	11685.7	10877.1	10593.6	11416.1	14663.3	20980.3	29767.9	35031.8	34918.6	32720.4	31779.2	32090.4	29928.7	26306.6	24659.6	25143.8	26221.6	27484.6	27078.9	22935.4	19728.9	18540.6	15558.9	2
27-01-2013	13247.8	11987.2	11505.7	11438.2	11365.8	12598.2	16835.9	25702.3	33077.3	34743.9	33546.4	31720.5	30757.9	28968.4	25145.8	23366.3	24519.4	26235.1	28103.6	28069.1	23760.5	20490.7	18406.4	15397.3	2
28-01-2013	12032.3	11434.3	11250.8	11025.4	12087.8	19324.2	31583.4	34420.7	32752.8	31677.2	30757.3	30488.6	31437.1	29824.9	26328.7	24927.8	24804.6	26607.4	29305.6	30365.0	25990.1	21895.2	18998.4	14788.6	1
29-01-2013	11733.6	11133.7	10967.1	11297.5	12489.9	19350.2	32492.1	35772.4	33820.4	32140.9	30633.4	30540.8	30504.6	29604.6	26421.5	24875.3	25175.1	27097.4	29965.3	30644.9	27127.7	22147.9	19436.4	14948.0	1
30-01-2013	12183.9	11362.7	11005.6	11032.6	13037.6	19647.4	32614.3	35969.1	33436.4	31419.1	30016.9	29977.3	30807.7	30087.7	26733.4	25021.7	25239.7	27252.3	29526.2	30239.3	26692.7	22024.5	19356.6	14838.1	1
31-01-2013	12210.6	11475.5	11201.5	11266.4	12941.9	19815.2	32863.5	36050.3	33100.6	31351.8	27439.2	30308.8	30992.6	29680.1	25975.1	25130.4	25050.4	27130.4	29855.9	30481.7	26483.7	22065.7	19346.8	14763.9	1
01-02-2013	8135.87	14501.4	11222.7	11314.1	12584.8	18041.4	31121.7	34322.5	32718.6	31918.8	30238.4	30246.3	30766.1	29417.4	26270.5	24955.8	25046.3	26993.7	29054.3	29275.9	24838.7	21256.9	18876.2	14862.7	1
02-02-2013	12437.8	11386.5	10884.1	10887.4	12361.4	14961.9	21060.1	29214.4	34467.1	34820.3	32647.8	31331.2	31237.0	29431.8	26245.1	24896.2	24976.0	26325.4	27608.0	27362.0	23169.7	20333.3	18834.2	16523.6	2
03-02-2013	14111.7	12357.1	11669.4	11309.0	11559.2	13070.3	17350.1	26439.5	34563.8	36263.6	34354.2	32140.6	30737.9	29329.3	25248.6	23714.7	24266.6	26305.6	28459.9	28305.1	24169.1	20753.9	18541.2	15033.9	2
05-02-2013	12436.2	11856.7	11648.8	11535.2	13026.4	19713.8	33129.1	36083.9	33304.8	31540.9	31024.0	30688.8	31227.4	29514.3	26687.4	25250.1	25287.5	27577.7	30630.2	31472.6	27077.0	22568.8	20046.1	14962.7	1
06-02-2013	12243.7	11652.2	11864.8	11656.4	12558.0	19946.2	33629.6	36718.8	33919.9	31918.9	30268.5	30409.4	31079.3	30008.4	26838.7	25145.1	25410.9	27683.4	30593.7	31214.5	26969.4	23026.4	19605.5	15385.3	1
07-02-2013	12714.6	12081.5	11862.3	11977.5	12620.8	19258.3	32708.2	36644.8	34011.8	32162.2	30754.7	30817.9	31153.4	30364.9	27393.8	25738.5	25992.1	28103.7	30932.5	31390.8	27254.5	23179.5	19911.2	15696.3	1
08-02-2013	12526.6	12357.7	12090.5	12122.1	13522.5	20398.7	34131.0	37204.8	34490.2	32544.8	30957.7	30864.7	31346.5	30420.2	27548.7	25880.8	25890.2	27774.4	30075.8	30170.3	26042.5	22040.9	18836.2	14959.8	1
09-02-2013	12547.8	11497.4	11429.3	11337.7	11884.7	15180.3	22471.2	24155.9	28483.6	28191.3	26610.8	31850.3	32053.1	30072.1	26642.3	24820.7	24788.3	25868.1	27405.1	26909.3	23189.9	19548.5	18113.3	15359.6	2
10-02-2013	13074.2	11631.8	11207.2	11047.7	11718.4	13225.8	17730.2	27106.1	34625.1	35472.1	33373.3	31893.8	31018.8	29091.6	25049.0	22952.0	23719.3	25490.4	27877.6	27902.7	23721.0	20812.2	17967.0	14392.4	2
11-02-2013	11999.9	10999.9	10986.8	10900.9	12500.8	19111.4	31674.7	34536.8	33101.1	31612.0	30443.9	30023.6	30751.2	29297.1	26054.8	24782.5	24977.6	26862.7	29200.9	30058.5	26414.7	22763.0	19772.1	14063.0	1
12-02-2013	11809.9	11369.4	11715.2	11686.8	12605.8	18470.7	31087.7	35385.1	34069.6	32646.9	32046.7	32238.6	33159.0	31767.2	28447.9	27090.3	26187.2	28116.1	30922.1	31389.0	26699.5	21979.0	19845.8	15844.0	1
14-02-2013	12854.9	12284.5	12525.7	12437.2	13617.3	19600.5	32027.7	36704.9	34940.6	32984.3	31337.7	31329.1	31788.1	30358.9	27201.7	25476.3	25819.3	27504.6	29893.1	29829.8	25889.1	22527.2	20180.2	16374.3	1
15-02-2013	13443.7	12592.7	12178.7	12195.1	13262.2	18969.9	30425.4	36171.9	35316.1	32963.8	31305.7	31124.3	31471.1	30443.9	27063.4	25522.7	25360.9	27020.7	29111.4	29230.0	24915.5	21527.3	19270.3	15776.9	1
16-02-2013	13309.2	12506.1	12175.5	12070.2	12721.0	15306.7	21856.0	31025.9	35931.6	35399.8	30453.8	31767.1	31720.1	29586.1	26330.3	24508.4	24648.8	26433.7	27632.0	27012.0	22782.3	20424.2	18282.4	15692.9	2
17-02-2013	14472.7	12735.7	12479.9	12353.6	12664.7	13835.3	17891.9	25938.6	33343.8	34993.6	33685.9	32007.9	31355.4	29250.6	25540.8	23894.1	24476.3	26356.1	28712.0	29006.7	24541.4	21658.3	18836.7	15236.9	2
18-02-2013	12108.6	11571.3	11466.3	11514.2	13475.1	20472.7	33913.7	37009.0	34628.3	32483.8	29992.4	31231.6	31826.2	29408.7	27046.5	25281.8	25328.3	27060.8	29743.3	30040.6	26888.8	22648.1	20046.7	14995.8	1
19-02-2013	12448.9	11798.9	11647.6	11877.1	13118.7	20368.3	34549.1	35543.8	31778.3	31792.9	30849.8	30791.0	31377.3	29927.8	25223.1	25721.4	25665.2	27492.5	30337.5	30512.0	27195.4	22542.5	20192.6	15812.7	1
20-02-2013	13212.2	12048.2	11842.5	11767.0	13391.5	20561.7	34085.2	36701.1	34642.9	32664.5	30339.9	30342.6	31056.1	30007.5	26814.5	25577.4	25804.9	27792.9	30508.9	30924.9	26557.3	22428.3	20407.9	15614.0	1
21-02-2013	12494.1	11994.3	11800.1	11883.3	12740.4	20063.2	33650.5	36025.8	33628.3	31977.9	30829.4	30920.9	31234.0	29734.4	26783.9	25581.4	26165.4	28193.2	30314.8	30801.9	27091.1	22653.3	20075.4	16100.8	1
22-02-2013	13089.7	12326.3	12059.3	12017.3	13407.2	20258.5	34077.1	36520.7	34823.3	32888.0	31591.8	31397.7	31894.7	30867.9	27797.3	26839.5	26873.8	28467.9	30488.2	30640.2	25902.2	21221.5	17279.8	16419.8	1
23-02-2013	13431.6	12586.2	12190.2	12188.5	13021.8	16123.0	23607.9	32518.0	36954.2	36004.2	33689.0	32561.5	32831.0	30813.3	27349.4	25863.0	26179.5	27347.1	28824.2	28036.1	24330.1	21010.7	19027.3	17049.7	2
24-02-2013	14153.4	13104.0	12613.7	12459.9	13054.1	14154.5	19146.7	27289.3	34158.0	35616.2	33955.1	32006.3	31590.9	29550.1	26021.6	24650.3	24678.1	27150.4	28939.7	28937.9	24215.7	21089.1	19847.5	15587.5	2
25-02-2013	12678.6	12044.4	11860.0	12062.3	13647.5	20317.7	32821.4	36467.8	35182.8	33071.6	31731.8	31621.6	31967.0	30250.4	26959.0	25540.3	25636.3	27490.0	29638.0	30451.5	26916.5	22983.5	19670.5	15142.8	1
26-02-2013	12758.1	11786.6	11614.4	11862.5	13575.6	19863.7	33767.4	37503.7	35048.0	32795.2	31612.0	31436.4	31969.9	30264.1	27242.4	25632.5	25442.5	27547.0	30511.6	31257.4	26831.5	23282.6	20245.4	15543.1	1
27-02-2013	12973.2	12074.4	11787.9	11850.5	13071.3	19380.2	32946.0	36482.8	33912.6	31490.8	25251.6	30540.4	31030.8	29953.8	26768.4	25621.2	25896.7	27736.3	30261.1	30971.5	26915.8	22328.7	19630.2	15108.5	1
28-02-2013	12734.5	11743.2	11504.7	11073.3	12979.8	19712.5	33765.3	36486.8	33656.1	31060.8	30372.5	30700.8	31417.0	30089.9	26901.9	25417.7	25399.3	27750.2	30429.8	30889.2	27186.1	14993.7	12417.6	12696.5	1
01-03-2013	11937.8	11057.8	10937.6	10943.3	12392.3	19029.1	33782.7	37478.9	34715.2	32521.0	31497.8	31400.9	31743.3	30574.6	27501.1	25752.1	25754.6	27648.2	30082.3	30146.0	25487.5	21960.5	19771.9	15700.7	6
02-03-2013	13071.0	12230.4	11872.2	11397.5	12965.8	15699.2	23725.4	31560.6	35776.0	35244.4	32636.4	31661.3	31895.2	29965.2	26651.8	25307.5	24936.2	26476.1	28114.4	27274.1	23705.1	20652.7	19040.4	16590.0	5
03-03-2013	13627.1	12197.9	11782.9	11649.1	12521.3	14250.2	20329.4	28571.1	35056.6	35645.1	33457.5	32147.6	31225.8	29224.4	25404.3	23532.1	24080.3	26295.2	28876.9	28790.4	24861.7	21667.4	18893.4	15009.5	5
04-03-2013	13261.4	12589.5	12296.1	12474.7	13990.3	20554.1	35917.7	37770.3	34906.9	32731.1	31477.2	31261.5	31638.0	30294.4	27094.0	25384.6	25391.8	27183.3	29807.4	30528.9	25475.9	17818.5	20417.7	14759.8	6
05-03-2013	12553.8	11744.0	11746.5	13347.8	13357.0	20391.5	35647.4	37293.4	34679.6	32770.3	31536.3	31799.0	32436.3	30967.3	27544.2	26429.7	26671.4	28898.9	31830.7	32398.2	28310.1	24241.5	21535.8	16762.3	6
06-03-2013	14295.9	13142.8	12750.9	12910.0	14388.2	22129.3	36488.6	37954.7	34063.6	32136.0	30712.5	31384.1	31774.6	30518.5	27581.1	26305.0	26288.0	28636.1	31581.4	32148.0	28356.6	24327.4	20787.5	16480.1	6
07-03-2013	13851.2	13428.9	13290.7	13304.4	14439.6	21830.6	35761.5	37327.6	33951.2	31663.2	30890.2	30785.1	31425.9	30352.5	27319.1	25445.1	26109.6	28169.9	30424.1	31530.0	27237.5	22875.0	20676.3	17141.3	6
08-03-2013	14432.5	13388.1	12975.4	13242.8	14341.9	21519.6	35541.9	36611.9	34424.3	32321.5	31126.7	30943.8	31324.5	30513.5	26440.6	25879.9	26354.8	28258.2	30642.1	30596.4	26253.4	23106.8	20047.9	16623.5	6
09-03-2013	14513.1	13632.4	13214.5	13051.8	13894.0	16935.8	24909.6	32996.1	37339.9	36852.9	34321.3	32940.3	33419.9	23570.3	35118.1	26374.4	26251.7	27862.5	29448.4	28456.3	24631.0	22118.0	20032.2	17527.7	5
10-03-2013	14713.2	13659.5	13260.7	13128.8	13382.0	15041.5	20408.2	28680.4	35232.2	36582.4	34971.1	33570.2	33090.7	31223.4	27200.2	24899.3	25124.1	27686.5	30230.6	30189.6	26381.9	22554.6	19868.2	16064.7	5
11-03-2013	14103.6	13375.4	13139.0	12852.4	14169.0	21758.2	36238.0	38151.5	35451.1	33351.4	30999.5	31943.7	32409.2	31449.1	28368.5	26373.9	26153.8	28454.2	31259.3	32110.5	28076.2	23778.3	20785.0	16253.3	6
12-03-2013	13869.0	13268.7	13058.1	13182.2	14750.9	21574.2	35442.6	37093.8	34897.3	33338.5	32102.2	32272.7	31937.8	31175.2	27749.9	26219.0	26220.4	28654.0	31706.2	32354.1	27669.2	23426.4	21199.8	16526.7	6
13-03-2013	13893.1	13220.2	13044.1	12893.0	14319.5	21937.3	36624.4	37944.7	34686.7	32626.1	31276.3	31430.5	31591.4	30521.7	27413.1	26094.3	25979.3	28133.8	30165.6	29717.1	28976.4	24060.2	20448.8	15951.9	6
14-03-2013	13572.6	12914.4	12591.9	12887.5	14723.0	22259.7	36886.3	28388.5	33556.3	32906.8	31684.3	31754.5	32549.8	31427.2	28292.5	26852.6	26513.7	28716.4	31854.1	31985.2	28134.8	23967.2	20864.0	16720.7	6
15-03-2013	14009.0	13319.5	13001.3	13015.2	14490.4	22295.4	37194.9	38754.8	34588.4	31930.4	30032.8	31936.0	32605.9	31789.0	28775.4	27033.2	27015.3	27626.1	29424.9	29686.2	26306.5	23678.9	21140.3	16930.2	6
16-03-2013	14733.2	13381.0	13023.4	12913.9	13606.2	17404.0	25687.2	33915.6	37075.6	36216.1	33915.3	32720.9	32985.3	31410.1	27829.3	26301.7	25982.4	27374.5	29216.2	28374.9	24936.3	21924.2	20592.6	17166.3	5
17-03-2013	14776.0	13148.5	12463.6	12246.2	12615.7	14349.4	19765.3	27725.6	33434.6	34899.0	34018.9	32418.4	32700.8	30275.8	26137.8	25253.6	25956.4	28133.7	29989.5	29912.9	25840.9	22265.9	19984.6	16520.3	5
18-03-2013	13683.7	13161.9	13093.8	13204.3	8435.17	21320.7	35523.9	37175.2	34783.2	33713.7	31912.3	31965.6	32695.9	31365.3	28465.1	26740.1	26846.4	28299.5	31437.6	32324.8	28409.7	23967.5	21246.7	16456.9	6
19-03-2013	14006.8	12656.7	12482.9	12648.2	14554.2	22269.7	37481.0	38679.0	34907.3	32344.8	30996.4	30977.1	32347.2	30972.8	28148.6	26364.4	26517.8	28862.3	31958.7	32474.2	28654.0	24087.1	21195.8	16289.1	6
20-03-2013	13961.2	13460.8	13280.0	13346.2	14902.6	22363.7	36932.7	38121.7	34397.2	32347.6	31169.2	30855.9	31646.6	30386.2	27647.9	26283.0	26363.6	28486.5	31962.3	32553.5	28547.0	24275.3	21186.7	16581.7	6
21-03-2013	13978.0	13229.4	12285.7	11023.4	12507.2	21583.7	37093.7	38702.8	31794.3	31711.9	30376.4	30684.0	31079.4	30814.8	28331.6	26875.4	26529.1	28487.4	31384.3	32095.7	28152.6	23946.8	20497.8	15996.9	6
22-03-2013	13360.3	12391.6	12052.4	12380.4	14136.9	22291.3	36810.1	36729.5	33962.4	32252.2	30885.8	30985.9	30993.0	31939.0	29876.2	28227.7	26467.2	28697.1	31353.8	30894.3	26454.6	22975.0	20135.1	16262.0	6
23-03-2013	14341.0	13100.6	12298.8	12297.1	13097.3	17219.6	26145.2	34102.5	37094.2	35618.3	33413.9	32312.5	32324.7	30586.5	27688.2	26173.8	25886.7	27367.4	28873.3	28379.7	24657.5	22188.2	20314.7	17727.2	5
24-03-2013	15059.5	13850.1	12984.1	13047.1	13633.8	15533.3	20864.9	28967.5	34432.3	34641.9	33202.1	32007.3	31349.3	29445.4	26028.6	24923.1	25329.5	27206.9	29358.9	29223.2	25604.3	22261.2	19497.0	16369.1	5
25-03-2013	13823.6	13121.2	12682.9	12958.9	14472.8	22330.8	35896.5	36921.5	34431.1	32767.8	31244.5	31315.1	31814.0	30420.8	27264.3	26007.9	25938.2	27904.8	30976.0	31797.4	27426.5	23571.5	20811.7	16270.5	6
26-03-2013	13812.8	12993.1	12763.2	12768.2	14270.4	22031.8	36303.0	37285.3	34217.8	32034.4	31214.5	31162.6	32114.2	30945.1	27594.3	26347.6	26143.6	27858.1	31448.3	32351.1	28104.1	23842.3	21021.6	16529.3	6
27-03-2013	13953.1	12951.6	12739.8	12798.5	14473.4	22179.1	36006.9	37628.7	33999.6	31543.2	30709.7	31055.5	31475.8	30749.1	27336.5	25776.9	26025.5	28136.7	30592.8	31015.5	27704.4	23339.2	20547.2	16573.7	6
28-03-2013	13175.4	12282.9	12080.3	12177.3	13467.3	20278.9	32044.3	36417.1	34306.8	32108.4	30900.0	30442.3	30642.0	28980.2	26146.8	25058.5	24983.5	26557.5	28881.5	29485.1	25537.9	21824.2	19205.8	15649.1	6
29-03-2013	12962.0	12243.4	12035.7	12035.5	13564.2	19591.8	29854.7	34654.5	34113.4	32410.0	30287.0	30189.9	30872.9	29860.8	26649.8	25317.4	25024.9	26430.4	28206.1	28285.4	24254.9	21801.8	19329.4	15952.3	6
30-03-2013	13847.9	13202.5	12857.1	12815.0	13736.0	16752.7	22703.7	29083.4	31834.6	31628.5	30042.6	28951.8	28906.4	27811.4	25022.7	24030.0	24535.7	25424.1	26427.4	25957.9	23522.0	20745.0	19242.6	16216.1	5
01-04-2013	13649.8	13023.5	12794.3	12576.2	7862.65	8503.76	11482.1	23271.2	29182.5	31968.9	31281.2	29098.7	27580.6	26159.7	24022.4	23154.8	23265.2	24461.8	26430.9	26939.3	24295.6	21476.9	19901.3	16480.8	5
02-04-2013	13549.8	12648.6	12542.7	12877.3	13531.4	18310.3	28444.9	33894.7	34302.5	32998.7	31263.2	31159.8	32214.5	30605.6	27687.2	26226.3	25926.2	28039.0	30909.0	32021.1	28269.7	23978.1	21304.8	13360.8	6
03-04-2013	13610.4	12756.8	13032.8	12781.5	13968.0	20147.5	33424.6	36824.8	34874.6	32788.8	31353.8	31239.5	31883.1	30801.2	27586.1	26227.1	26048.4	27885.5	30862.2	32481.2	28675.4	24003.3	21043.5	13250.6	6
04-04-2013	8093.39	12428.0	12188.7	12088.2	13920.6	20785.9	34943.8	37494.0	34449.4	32196.2	30805.8	30799.1	31777.7	30660.6	27828.4	26084.8	26049.3	27466.0	30641.4	31965.0	28164.1	23617.8	20896.7	16540.7	6
05-04-2013	10922.5	13089.9	12923.9	12998.3	14268.8	20630.8	34082.0	36648.8	33886.5	32540.1	30996.6	30648.6	30986.4	30422.5	27559.8	26488.1	26269.2	27454.8	29779.8	30514.5	26925.7	23563.2	20902.2	17253.3	6
06-04-2013	14532.3	13655.8	13407.0	13318.6	13773.5	16679.6	24324.3	32121.4	35966.4	35935.0	34040.7	33141.3	32988.9	31392.6	28320.1	26433.8	26183.8	26891.5	29078.4	29235.8	25709.3	22536.2	20736.7	15717.0	5
07-04-2013	12596.8	13681.3	13184.7	12779.5	13247.7	14942.0	19082.9	26464.4	32916.3	35564.3	34565.8	33490.3	32653.6	30642.2	27013.3	25240.5	25547.5	27203.7	29749.9	30441.0	26593.6	23450.5	20563.1	16212.5	5
08-04-2013	13474.3	12627.7	12574.6	12705.3	13848.7	20939.7	35099.8	37218.1	34525.9	33361.1	31654.3	31659.0	31861.8	30884.7	27826.5	26555.3	26665.2	28048.7	31315.1	32390.4	28499.5	23528.2	21258.6	15832.2	6
09-04-2013	9493.87	13066.0	13122.9	13176.1	13828.9	19103.7	35404.7	37551.5	34476.6	32673.8	31315.4	31429.6	32214.9	31156.2	27742.0	26277.0	26603.4	28496.3	31275.9	32504.2	29045.6	24360.1	21845.7	17243.9	6
10-04-2013	13799.3	12540.3	12771.5	12928.9	13964.2	21488.6	36862.6	39073.5	35733.3	32878.1	31464.2	31627.1	32127.3	31277.3	28557.5	26678.6	26290.3	28350.0	31562.3	32818.6	29154.0	24501.7	22138.5	15942.9	6
11-04-2013	8103.17	13207.8	12997.8	12991.4	14140.6	21555.3	36467.2	38228.1	34979.8	32482.3	31088.0	31321.4	31718.8	31020.3	27995.8	26019.7	26479.5	28564.7	31457.8	32114.2	27982.5	23362.0	20782.3	16972.2	6
12-04-2013	14010.5	13346.2	13292.5	13173.7	14588.5	21331.9	35117.2	37318.6	34752.0	32556.5	31444.7	31334.2	31699.8	31072.2	28695.6	26977.6	26773.1	28761.8	31574.3	31870.2	27793.1	23787.0	21166.7	15646.7	6
13-04-2013	14335.5	13371.2	13047.1	12810.7	13712.8	17210.6	26070.9	34587.4	38486.2	36921.9	34427.3	33127.9	33549.2	31643.5	28771.7	26838.1	26106.3	27454.5	29517.2	29205.6	26059.3	22303.5	20377.7	17576.3	5
14-04-2013	13920.8	13815.0	13021.7	12748.9	12991.7	15182.2	21125.6	30478.2	35835.9	35980.1	34643.5	32560.4	31752.3	30220.9	26630.0	24895.4	24724.0	26835.0	30131.7	30706.8	27130.6	23970.1	21399.2	16355.9	5
15-04-2013	10931.8	12733.2	12702.5	12824.5	14496.7	21754.2	36776.0	38682.9	36112.5	34155.3	32824.9	32375.6	33057.5	31754.4	28884.3	27272.1	26876.9	28746.8	32044.3	33491.8	29019.3	24324.8	21575.3	16679.8	6
16-04-2013	10805.0	12956.9	12783.9	12958.0	14242.9	21895.6	36694.1	38267.1	34803.7	32641.6	31429.3	31694.7	32615.8	31460.8	28793.9	27442.9	27222.9	29234.9	32622.3	33724.6	29745.3	25266.1	21818.0	16673.6	6
17-04-2013	11487.3	13006.0	12594.6	12621.0	14075.2	22220.3	37674.0	39554.8	35861.0	33374.4	32139.0	32222.6	33132.1	32305.2	29317.3	27668.6	27362.9	29848.8	33142.8	33858.1	29866.2	24939.5	14353.8	15991.8	6
18-04-2013	14520.2	13459.4	13313.3	13553.0	14615.3	22758.9	38170.9	39888.3	36124.2	33545.2	32619.2	32461.7	32819.9	32211.3	29552.4	21755.0	27805.0	29869.3	33260.9	33590.6	29476.6	25030.4	21765.6	17432.2	6
19-04-2013	14639.1	13707.4	13452.1	13506.3	15053.4	22514.2	37827.9	39427.2	35981.9	34137.4	32790.3	32940.0	33595.5	32422.5	29532.5	28149.3	27388.6	29214.6	32197.6	31995.3	27344.9	23554.9	20861.2	16236.1	6
20-04-2013	11474.3	13748.3	13476.5	13411.6	14060.3	17586.5	25130.2	31732.6	34801.1	34253.1	32324.9	31653.9	31882.5	30176.5	26999.7	25556.3	25556.9	26407.4	28695.6	28529.2	24669.0	22030.8	20025.3	17551.5	5
21-04-2013	14851.2	13866.7	13392.9	12938.2	13208.8	15298.0	19936.3	27440.3	34180.1	34970.9	34083.8	32943.0	32202.2	29994.4	26065.2	22490.5	22558.2	23904.7	26046.3	27425.8	25852.2	22946.4	20522.8	15866.6	5
22-04-2013	11472.6	12925.7	12851.3	12892.3	13994.9	21420.8	35615.1	36978.2	34643.2	32426.5	31332.3	31398.4	31814.3	30701.1	27460.5	26106.9	25479.9	27478.3	30370.1	31708.5	28129.7	23502.9	20761.9	16451.7	6
23-04-2013	11722.5	13235.2	13168.0	13213.6	14343.2	21793.2	32086.7	37846.6	34920.1	31135.8	30484.3	31573.3	32369.0	31639.0	28068.1	26559.9	26266.0	28358.6	31390.6	32375.1	28537.2	24107.3	20895.7	16128.2	6
24-04-2013	12003.2	13124.8	12916.0	13039.2	14276.3	22412.4	37193.4	37583.6	33056.2	22098.2	24598.2	29891.5	30353.4	30363.9	26719.1	24818.9	24470.2	25627.8	27909.3	29227.4	25567.2	21595.0	20156.6	15550.9	6
25-04-2013	11262.2	26988.4	11447.5	11373.9	11819.7	15335.7	21641.1	29136.4	33580.5	33104.3	30790.3	29298.7	27973.4	26435.3	23240.4	21784.0	21601.3	22972.4	25262.4	25717.1	22700.5	19421.4	17737.5	14183.9	5
26-04-2013	12197.1	11733.6	11572.2	11560.8	13004.0	16982.0	25698.5	30135.5	31210.9	29838.7	28196.2	23798.2	28365.1	27426.8	24742.5	23285.4	23248.0	23950.6	26308.5	26698.0	22831.1	19908.2	16998.5	14389.9	6
27-04-2013	12253.5	11740.3	11476.2	11604.0	12193.0	14487.4	21435.5	27809.9	30556.3	30280.0	28707.4	27658.8	28151.7	26474.2	23711.1	22690.1	23049.1	23807.6	25112.8	25200.7	22182.4	19896.6	17946.5	14852.1	5
28-04-2013	10194.5	12292.3	12170.8	11994.6	12265.3	13905.5	18897.6	26597.0	31818.4	31850.4	29881.4	29122.9	28550.9	27187.2	23834.4	22728.4	23314.6	24985.1	26379.7	26784.7	23685.2	20113.3	16997.3	14198.1	5
29-04-2013	10522.0	11864.6	11843.8	12082.7	13188.7	19885.5	31312.3	32699.3	31482.8	30114.4	29160.3	28812.6	29234.9	28058.4	25452.6	23312.8	22628.2	24171.6	28159.8	29861.7	26067.1	20973.7	18987.2	14435.6	6
30-04-2013	11495.8	11463.1	11467.4	11485.5	13267.5	19366.2	31439.6	33536.9	31527.0	29677.2	28828.9	28825.5	29626.9	28862.8	26347.5	24299.7	24374.4	25458.7	27788.1	28203.8	25083.5	21258.1	18555.7	14977.3	6
01-05-2013	12113.3	10956.8	10460.7	10451.4	10776.5	13184.3	18532.6	25827.3	32397.9	34094.1	31793.1	31327.9	30511.9	28164.9	24529.4	21915.4	21818.3	24293.7	27323.7	27713.0	24523.8	20647.4	19061.5	14813.2	5
02-05-2013	12308.0	11083.1	11035.8	11155.9	12557.6	19882.1	33284.4	35374.3	33081.2	31061.5	30254.7	30147.1	30480.6	29771.2	27043.3	25194.4	25018.8	26939.5	30157.4	30282.8	27069.4	22213.0	19297.8	14638.4	6
03-05-2013	12465.3	11744.0	12146.4	12389.1	13171.1	20542.3	34064.1	36337.7	33050.6	30762.5	29636.2	29821.0	30377.9	29876.4	26715.1	25475.0	25284.5	26652.4	29472.2	29697.6	25880.6	22562.5	19757.5	15609.3	6
04-05-2013	13207.0	12443.3	12108.7	12020.8	12677.9	16633.3	24735.7	32583.8	36085.3	34330.1	32031.3	30850.6	31144.1	29328.0	26377.0	24831.0	24445.9	25678.2	28038.7	27626.9	24125.9	21320.4	19485.3	16641.6	5
05-05-2013	13677.6	12863.2	12239.1	11825.2	11707.0	14520.5	20404.0	28450.2	33996.4	34136.2	32080.4	29912.6	28803.2	26492.9	23792.7	22501.0	22992.2	25148.4	27485.2	27617.5	24139.6	20304.7	18696.6	14694.1	5
06-05-2013	12210.5	11654.5	11583.4	11613.8	13438.5	20342.4	33808.1	35173.2	32221.6	30672.9	29571.7	29772.9	30183.2	28854.9	26164.8	24859.1	24438.9	26056.8	29056.2	30690.1	27020.0	22266.9	19330.9	15286.0	6
07-05-2013	12350.7	11863.5	11700.2	11815.6	13319.3	21046.7	36225.1	37102.4	33415.3	30627.6	29632.4	30067.2	30621.1	29867.5	26247.5	24865.8	24533.9	27335.0	30413.8	31286.2	27284.2	22591.0	19782.6	15302.0	6
08-05-2013	12697.7	12177.9	12065.2	12057.1	13185.5	21539.5	36277.4	37262.8	33357.6	31105.1	29902.9	30322.8	30356.7	29923.2	27225.9	25695.8	25699.3	27509.4	30617.4	31562.2	27855.7	23006.7	20539.0	14916.9	6
09-05-2013	12524.8	11632.6	11590.0	11728.8	13544.7	21879.8	36561.4	38380.0	34111.1	31415.8	30190.8	30438.3	31108.6	30499.9	27434.4	25821.3	25692.7	27732.9	31205.9	31486.5	28023.2	23784.6	20777.1	16325.0	6
10-05-2013	13094.5	12015.2	11712.6	11805.8	13338.8	20663.3	34792.5	35897.1	32479.7	30933.3	30233.7	29675.7	30344.8	29740.9	27033.0	25146.2	25326.4	27111.8	29522.1	29553.6	25671.1	22242.9	19897.0	16071.7	6
11-05-2013	13247.1	11916.3	11459.2	11406.5	12021.4	16649.8	25957.6	33726.1	36378.0	34558.4	31762.7	31353.5	31866.7	30006.1	27011.2	25293.3	24846.0	26003.3	24665.0	22689.6	22874.3	20483.8	19340.8	16555.6	5
12-05-2013	13861.1	10858.1	10398.2	10354.0	12631.0	12795.8	20695.5	29504.7	34114.9	33091.4	31740.3	30187.7	29450.8	27103.8	25143.8	24177.0	23523.5	25151.0	27936.6	27105.2	23942.4	22497.7	19888.3	15528.3	5
13-05-2013	12903.9	12019.1	11873.1	11943.8	13205.1	21218.6	35684.9	37210.4	34078.9	31681.4	28554.0	26724.8	30220.4	29486.3	26164.9	25491.3	25338.0	26960.6	30500.0	31412.8	28000.3	22620.9	19766.5	15670.9	6
14-05-2013	12427.2	11929.8	11641.6	6939.64	7864.0	21359.5	36248.4	37400.0	33531.8	31430.9	30023.9	30927.9	31430.6	30516.0	27726.6	25295.7	25179.1	27496.8	30859.1	31539.4	27444.6	23173.6	19960.8	15575.2	6
15-05-2013	12864.8	11777.2	11593.7	11634.6	13551.5	21645.8	35964.3	37448.5	34001.2	31286.6	29699.0	29949.0	30592.6	29216.0	26193.4	24726.5	24705.9	26621.6	29317.1	30607.9	26553.4	22160.5	19676.3	15219.8	6
16-05-2013	12452.7	11900.2	11500.7	11389.8	13162.4	20617.4	33630.3	35009.4	31868.1	30004.2	28597.9	28915.5	29778.2	28277.3	25505.3	24651.5	24471.3	26292.2	28987.3	29983.8	26125.2	22116.9	18901.2	15210.4	6
17-05-2013	12524.2	11681.3	11504.6	11518.5	13096.5	20096.1	33688.1	36296.6	32771.3	31092.2	29888.4	29894.0	30694.5	29546.1	27158.2	25581.9	25355.5	26879.4	29550.5	29886.4	25701.3	22043.3	19156.1	15037.1	6
18-05-2013	13022.3	12307.3	11727.3	11848.8	12616.2	16755.4	24857.8	32395.8	35714.4	34368.5	31764.3	30863.1	31353.4	29209.8	25974.8	23998.6	23939.6	25098.3	26835.9	26414.0	23281.5	14040.3	18790.0	10250.6	5
19-05-2013	8792.51	7915.69	7834.86	7798.09	7719.74	16791.0	18262.5	26528.2	33779.2	34652.6	32060.4	30722.4	30096.9	28246.2	25036.0	22807.6	23208.8	25201.0	27658.1	28333.1	24810.6	21352.8	19252.0	15505.4	5
20-05-2013	12765.8	11911.0	11868.7	11964.1	13227.0	20702.9	35144.7	36594.6	33642.7	31400.6	30476.7	30220.5	30390.6	30015.4	26753.5	25272.9	25119.2	26639.4	29617.0	31133.9	27265.9	22950.5	19973.4	14906.4	6
21-05-2013	12135.7	11609.0	11469.7	6864.89	8232.84	15624.4	28682.4	29026.3	29104.6	32058.8	28988.1	29591.1	29551.0	26870.3	24427.6	23124.2	24238.1	25960.1	29109.8	30293.2	26701.5	22417.1	19403.3	15387.4	6
22-05-2013	12725.2	12322.6	12180.3	12344.5	13730.2	21884.4	36604.2	37332.6	33130.0	31440.9	29950.6	29905.2	30703.1	30001.6	26770.2	25211.8	25394.8	27278.5	28219.4	28735.2	25158.2	22726.3	19672.0	15568.6	6
23-05-2013	13251.2	12744.7	12813.9	12533.5	13975.0	21567.8	35852.8	37214.6	33063.8	31127.8	28233.2	29997.3	30933.4	28345.8	26029.7	25057.5	25084.0	27490.8	30211.4	31179.4	27084.6	22654.4	19506.4	15368.5	6
24-05-2013	12962.0	12390.2	12004.3	11955.2	13168.0	20019.1	32404.3	33758.9	31295.2	30359.5	24782.8	29140.8	30003.8	28656.3	25934.2	16667.3	24501.0	25499.9	28672.4	29196.1	25125.7	21731.9	16398.6	17019.3	6
25-05-2013	12579.6	12066.4	11904.9	11825.0	12682.6	16173.4	22777.4	29741.2	32676.3	32260.1	30725.8	30273.2	30258.0	28724.7	25649.9	23461.6	24086.9	25222.2	27157.3	26923.5	23447.9	20870.5	19415.9	15196.8	5
26-05-2013	13319.0	12206.0	11867.4	11755.5	12334.1	14390.8	19286.3	27662.3	33743.0	34532.6	25341.5	30767.9	24275.2	27572.2	24486.2	22747.8	22702.5	24258.1	26964.7	28596.0	25261.3	22070.0	18967.5	15695.2	5
27-05-2013	12401.1	11403.5	11302.0	10823.1	13282.2	20579.5	34427.0	36605.0	33915.0	31984.9	30487.9	30322.1	31029.0	29966.7	27033.3	25138.7	24588.2	26539.4	29604.7	31094.4	27444.9	22784.9	19656.8	14663.8	6
28-05-2013	12166.3	11371.7	10639.4	10894.5	12745.5	20218.0	33961.9	35543.7	34262.0	31012.3	29756.8	29899.2	30151.0	29109.8	26413.2	24855.0	24893.1	26934.4	29972.1	30709.0	27022.0	22514.1	20714.4	16264.3	6
29-05-2013	13833.6	13030.5	12876.1	12870.2	14129.4	21862.1	34043.1	35509.2	32358.6	31213.2	30366.9	30782.8	29795.8	29011.4	28051.2	25397.6	25277.3	27594.9	30504.5	31224.1	27986.6	24367.1	20959.1	16127.4	6
30-05-2013	13289.7	12753.8	12644.2	12584.1	14478.9	22710.5	35787.3	37937.2	34336.2	32070.5	29953.5	29935.0	30568.2	29639.6	26603.0	24314.0	24339.5	25485.8	29239.5	30006.1	26757.5	22692.9	19441.8	14830.7	6
31-05-2013	12804.3	12285.6	12079.6	11963.1	14256.3	21673.7	33931.8	36054.2	33364.0	31227.3	29795.8	30185.8	33261.0	32173.2	27808.3	25005.7	24975.2	26765.7	28918.1	28989.5	25390.8	22038.6	19544.8	15168.2	6
01-06-2013	12925.7	12059.2	12005.3	12201.6	12731.1	16610.4	24860.3	31146.5	34600.3	33375.0	31420.1	30462.8	30140.2	28750.7	26243.8	24654.1	21963.3	15822.2	19455.3	24907.2	18293.1	26802.3	19324.7	15565.2	5
02-06-2013	12985.3	12382.5	12068.4	11759.4	12034.2	14005.5	19881.3	28132.9	33910.2	34203.9	32486.8	30922.1	29986.3	28160.0	25670.2	23911.7	23530.1	26487.3	29445.4	29777.4	27460.6	24344.3	21474.6	16177.1	5
03-06-2013	13838.0	13224.9	12671.7	12904.4	15297.4	21972.8	35261.4	37232.8	35660.8	32134.5	30585.1	30438.6	31269.6	30245.0	27056.1	25705.5	25495.5	27224.7	30374.4	31116.5	28176.0	23489.0	19780.9	15440.1	6
04-06-2013	12767.0	11930.6	11052.7	12012.6	14060.0	21515.1	35613.8	37789.6	33913.7	30965.4	29976.6	30804.8	31443.6	30259.5	27239.0	25720.9	25960.6	27696.5	31312.8	31724.4	28920.8	24483.7	21548.3	15878.4	6
05-06-2013	12851.1	12241.3	11965.4	11921.4	13688.0	21725.4	35494.1	37994.1	34549.5	31869.2	30789.1	31037.6	31653.4	30702.1	28080.5	26595.8	26523.6	28803.1	31389.6	31580.1	28559.3	24371.9	21069.5	15965.0	6
06-06-2013	13498.5	12928.1	12334.7	12971.1	14337.4	22093.0	35863.2	38977.9	36120.7	33697.3	32471.5	31895.5	29526.8	28682.9	26223.2	24854.5	23109.5	25161.9	27963.9	28898.8	25614.5	21406.0	20553.9	17594.3	6
07-06-2013	15296.9	14337.9	14040.9	14344.8	16858.8	24216.7	38049.2	37447.6	34856.0	34534.6	32316.8	32185.3	33166.2	25582.1	26938.4	35715.7	28618.8	30536.0	32806.7	31932.0	28010.7	24136.7	21737.2	17653.1	6
08-06-2013	14795.2	14007.5	13713.9	13696.1	15102.5	19229.2	27002.4	34849.0	37310.8	35569.0	33058.6	32504.6	32449.7	31011.0	28523.8	26868.2	26578.2	27236.2	29514.8	28871.7	25649.4	22656.5	20696.2	17291.4	5
09-06-2013	14765.2	14017.0	13696.3	13232.4	13621.6	17179.1	20916.2	28032.2	31608.8	32190.1	31895.0	31304.5	30771.5	28554.4	25386.4	24242.1	24222.6	25763.0	27824.4	27580.8	25274.4	22603.4	20483.7	16214.4	5
10-06-2013	13517.9	13087.6	12120.0	12662.5	15486.2	21770.0	34105.4	37788.9	34328.8	33043.1	31391.8	31627.7	32251.4	30446.0	27757.7	25965.9	25975.8	27604.1	31131.0	32072.5	29355.9	25130.3	21724.7	16927.9	6
11-06-2013	13483.0	12538.9	12408.3	12431.2	15467.0	21733.4	34971.5	38860.1	35039.8	33387.0	33275.6	33977.6	33989.2	32663.2	29340.5	27342.9	27448.7	29415.5	32454.5	32841.4	29861.4	25389.0	21267.4	17164.5	6
12-06-2013	14375.7	13562.9	13331.3	13543.1	15517.6	22814.4	36014.9	39420.8	35911.4	33527.2	32413.5	32594.1	33009.2	29914.0	27952.2	27694.4	27883.5	30129.0	33283.6	33427.9	30454.8	26173.8	23095.5	17968.6	6
13-06-2013	14700.3	14176.7	13988.1	13987.4	15534.4	22772.7	36295.3	39638.8	35847.9	33614.5	32694.2	32824.9	33455.1	32541.6	29692.7	28672.1	28790.2	30837.1	33779.7	33227.2	30550.2	26650.1	22972.9	17373.5	6
14-06-2013	14995.4	13665.5	13463.0	13629.7	16275.1	23670.2	36079.3	38551.5	36279.5	34535.2	33878.3	34026.6	34225.1	33420.4	30878.9	29556.5	29690.7	31377.3	33291.6	32670.4	29219.3	25600.1	21576.2	18262.7	6
15-06-2013	15701.0	14644.7	14316.4	14093.5	15250.6	20566.4	27632.9	34937.3	37516.4	36261.5	33854.5	33625.4	32861.6	31617.5	29764.6	28162.0	28068.8	29240.8	31008.6	30569.4	27379.5	24350.2	21901.7	18562.1	5
16-06-2013	16058.4	14907.4	14533.6	14129.4	15007.8	18236.8	22650.1	29910.4	34513.0	34419.4	32858.9	31803.7	30994.5	29387.2	26798.1	25959.4	26115.8	28389.3	30934.8	31803.6	28752.0	25454.5	23245.3	18371.8	5
17-06-2013	15197.5	14538.1	14789.8	14750.2	16626.4	24035.3	37006.8	40573.6	40085.8	37754.3	36831.6	35863.2	36372.7	35265.1	32460.3	31469.2	31519.6	33210.0	36277.6	36895.6	33419.0	28148.0	25104.8	19525.3	6
18-06-2013	16329.3	15429.6	15107.4	15137.9	17810.0	25086.3	38853.0	43018.5	39350.8	37653.0	36663.6	36370.5	37451.3	35905.4	33217.3	32749.4	32414.7	34329.1	38013.9	38057.7	34084.6	30224.8	26773.9	21077.8	6
19-06-2013	17471.8	16320.4	15907.2	16237.5	17990.7	26169.3	40018.5	44129.7	40796.5	38886.2	37610.2	37613.2	38232.2	37231.2	34508.1	33329.0	33493.7	35598.3	38457.4	38183.6	34806.8	30265.4	27186.0	22093.4	6
20-06-2013	18888.8	17458.0	16595.8	16658.3	18864.1	27147.2	40435.2	44408.7	40932.8	38530.1	37625.6	37207.5	37552.9	36300.3	33151.4	31741.1	30989.4	32410.6	34391.8	34595.5	31280.2	27739.2	25473.7	20825.1	6
21-06-2013	17474.6	16634.2	16270.2	16009.0	17512.7	26164.7	38517.0	42370.4	39169.6	36840.7	35857.1	35625.6	35963.6	34850.8	32620.9	31452.1	31491.7	33134.6	34856.7	34333.6	30628.8	27104.1	22770.3	19097.8	6
22-06-2013	17496.0	16947.3	16010.3	15553.6	17229.2	22161.7	28324.8	35959.7	38385.5	36719.5	34919.8	33995.6	33470.5	32062.1	29820.2	28743.3	28949.2	29624.0	31503.7	31344.0	27985.8	25585.5	24572.0	19772.6	5
23-06-2013	18223.6	17319.7	16841.1	16069.7	16191.6	19692.4	24353.6	30384.4	34769.9	34394.6	33206.0	32083.8	31719.4	29839.2	27422.3	26831.8	26649.7	28126.9	31035.9	31208.4	28959.3	26231.2	24371.2	18955.8	5
24-06-2013	16883.4	16406.6	16067.7	15903.4	17410.9	25000.2	36048.5	40505.9	37715.8	36354.9	34827.5	34216.7	34234.0	32957.1	30500.8	29117.5	28960.8	30662.8	33010.0	33725.6	30450.2	26146.7	23600.6	19542.9	6
25-06-2013	16834.0	16563.0	15517.6	15392.8	16784.3	25326.6	37758.5	41875.0	38396.0	35834.6	34311.7	34061.6	34975.5	33430.1	30790.1	29850.2	29631.3	31316.6	34409.0	34401.1	31442.1	28079.6	24140.4	19761.2	6
26-06-2013	17177.5	16405.1	16034.4	15582.6	18312.0	25074.3	38062.2	41819.4	37630.3	34786.6	33754.4	33347.9	33617.7	32658.6	30172.2	28984.9	29180.4	30693.7	33612.0	33676.8	30195.9	26485.3	23816.3	19523.7	6
27-06-2013	16954.2	16103.5	15199.8	15743.0	17687.8	24430.2	36743.1	39144.6	35120.9	32905.8	31957.0	32099.2	32768.2	31808.7	28790.1	27300.2	26439.6	27969.7	30717.2	29931.3	26661.7	24586.8	21601.3	19134.1	6
28-06-2013	15439.8	14960.7	14531.8	14468.6	15591.7	21271.5	32601.7	35446.3	32358.7	31632.2	30211.5	30471.9	30880.5	29746.1	27646.1	25897.4	25507.4	26788.3	29311.7	29343.4	26661.2	23376.8	21789.3	18009.3	6
29-06-2013	14556.8	13354.7	13198.7	12894.0	14392.7	17248.7	25567.5	31206.5	34050.7	32610.2	30663.3	29866.1	29563.2	27956.3	25426.4	24584.1	24283.1	25128.3	27187.1	27370.0	25294.8	23434.0	22126.7	17915.8	5
30-06-2013	16688.4	15981.3	15548.5	15008.4	15056.2	17572.6	21579.4	27087.6	31553.6	32109.9	30620.6	29204.1	28705.7	26831.0	24670.0	23603.0	23967.0	25233.9	27979.1	28332.5	27066.3	24875.4	21933.7	18114.5	5
01-07-2013	16074.8	15598.0	15244.0	14913.0	17712.2	22651.0	34063.1	38388.1	35821.3	34160.5	32204.5	32009.3	32443.8	31608.3	29178.7	27910.8	28064.6	29525.8	32468.4	32269.3	30229.7	27445.9	24023.4	18734.2	4
02-07-2013	16429.2	15562.2	15304.4	15217.2	16411.9	24365.4	35619.7	39538.3	36309.2	33724.9	32138.4	32433.5	33511.0	32614.5	30271.7	28492.8	22004.1	36459.2	33904.3	34275.5	30704.8	27311.4	24104.8	18891.9	4
03-07-2013	17137.3	16487.5	16079.1	14854.4	17167.4	24253.8	36490.7	40098.5	36538.8	33475.6	31972.4	31575.5	32365.0	30926.2	28838.1	28017.7	28045.8	29542.9	32541.2	32743.7	29948.9	26369.6	22334.1	19279.7	4
04-07-2013	17111.5	16545.4	15062.7	15992.8	17825.2	24059.8	35960.9	39672.9	36204.2	33826.2	32792.4	32876.3	33478.5	31885.5	29969.9	28829.2	28824.9	30705.6	33653.4	33735.2	30855.4	27934.7	23806.2	19460.2	4
05-07-2013	17193.1	16347.1	15883.4	15634.3	17361.5	24812.9	36207.1	40214.8	37684.8	35264.5	33904.6	33758.8	33732.4	33394.6	30922.1	30636.1	30715.1	31532.6	34166.2	33739.0	30605.0	28192.7	24085.4	21530.6	4
06-07-2013	17853.8	16734.3	16141.1	15857.3	16996.6	20833.3	26963.9	33802.6	36045.6	34051.2	33071.1	32122.0	31966.8	30644.5	28336.2	27462.6	27565.3	28479.0	30838.0	31051.1	27774.7	25920.2	24661.1	20350.0	3
07-07-2013	18337.9	17351.8	16739.5	15864.8	16545.5	19171.6	23037.8	28136.6	32228.9	32823.6	31563.9	31001.4	30224.0	28651.7	26649.2	26295.1	26488.8	27322.8	29629.6	30635.0	28456.7	25755.7	23860.2	20338.9	3
08-07-2013	17115.2	17170.5	16611.3	16473.9	17289.7	24276.6	34243.8	38825.0	37393.3	36044.4	34999.4	34812.6	35256.7	33984.6	31722.3	29409.9	28038.5	29451.9	32594.4	32819.6	30331.8	27548.2	23955.5	19896.2	4
09-07-2013	18432.3	17669.7	17047.3	16574.8	18096.0	24982.6	36289.9	40850.1	37847.0	34667.7	32898.2	32685.0	32619.7	31923.6	29480.2	29814.9	30496.5	31780.8	35190.1	35393.6	32115.9	28926.3	25062.7	20779.9	4
10-07-2013	18635.2	17824.0	17640.3	17379.0	18204.5	25425.6	37093.0	40435.9	37485.3	35264.6	34483.1	34297.4	31185.2	30797.6	28956.9	30223.6	29246.1	30928.4	33477.0	32511.6	29206.3	26681.4	24223.6	20246.5	4
11-07-2013	18372.0	17732.8	17403.0	16559.5	18092.6	24157.5	35875.6	39444.9	36460.3	34574.3	33599.8	34033.4	34547.7	33251.6	31146.4	30486.0	30362.4	31680.7	34876.2	34929.7	31882.7	28693.7	25240.4	20467.4	4
12-07-2013	17350.4	16045.2	15453.9	15560.2	18638.0	24903.6	35562.5	39076.2	37244.7	35361.0	33969.5	34156.2	33945.1	33565.4	31329.0	30332.0	29222.7	31579.8	33178.7	33566.2	30705.9	27698.1	24619.5	20713.4	4
13-07-2013	18364.8	17659.5	17235.1	16738.1	17799.5	21545.3	26771.9	32382.8	34808.6	32918.1	32141.3	31899.0	31741.9	30624.1	28585.5	27098.1	27405.9	28519.0	26979.0	26683.8	25203.0	23414.0	20334.4	16662.1	3
14-07-2013	18488.1	17019.9	16418.5	15521.3	14927.8	17632.4	21420.4	26260.6	27002.8	27710.0	28384.7	28968.9	29057.7	26949.3	25514.1	24807.5	24936.4	26358.0	29455.1	30193.8	28170.0	26234.1	23637.5	20041.6	3
15-07-2013	17901.0	17113.8	16232.8	16370.9	17894.4	23274.1	34393.3	38365.9	36214.1	34417.2	34343.2	33743.1	33991.7	33162.6	31271.8	30350.5	30319.3	31512.3	34309.1	34951.8	32345.4	28820.8	25375.1	21411.4	4
16-07-2013	19098.0	18248.9	17283.4	16731.3	17872.2	25211.9	35897.8	39022.7	36098.8	34503.9	34065.5	33923.4	33150.6	33975.1	31177.2	30395.8	31434.9	32179.2	34127.9	34529.4	31538.9	28728.4	25157.2	21243.6	4
17-07-2013	18623.8	17807.3	17774.7	17306.8	19180.6	25187.8	36087.2	39366.4	36776.4	34515.6	33474.4	33259.7	34012.2	32916.4	31209.4	29792.5	29939.2	31013.8	34188.3	34386.6	31179.1	28002.8	26089.2	21249.9	4
18-07-2013	18905.9	17887.5	17698.0	17121.1	19038.7	24321.3	34953.6	38368.6	35305.1	33450.7	33132.1	33261.3	33656.8	32651.4	30989.6	29452.6	29886.1	31264.5	33653.4	33354.8	30806.1	27988.8	24162.8	20091.2	4
19-07-2013	18435.0	16979.9	16440.5	15972.2	17530.5	24138.0	35239.3	38804.2	36881.4	34893.6	33327.6	33079.2	33367.1	32315.3	30482.4	29711.5	29707.9	29776.2	32388.2	31131.6	29226.7	26707.4	23873.7	20262.1	4
20-07-2013	18702.6	18202.3	17579.0	16490.1	16931.3	21241.6	26039.9	31999.1	34454.8	33729.3	32353.4	31660.1	31148.1	30058.9	27947.3	27152.9	26608.5	27629.2	29661.4	29182.4	27338.3	25118.3	22565.6	20169.3	3
21-07-2013	18420.3	17440.8	16539.9	16156.6	16071.7	18678.6	22319.2	26575.6	29986.1	30503.1	29888.2	29217.2	28395.6	26902.6	24799.3	24172.1	24396.1	26948.7	28883.7	29366.6	29281.6	26851.9	24330.3	19922.2	3
22-07-2013	18532.0	17456.1	17192.3	16903.4	17728.9	24493.4	34409.1	38322.2	36992.5	33196.0	33775.1	33640.3	33738.6	33261.9	31422.0	30718.7	30479.2	32282.8	34737.0	34800.3	32256.2	28872.2	26332.3	21313.5	4
23-07-2013	18789.4	17888.3	16923.9	16203.0	17900.6	24093.6	33474.1	34370.3	34647.1	34801.0	34204.5	33950.2	34427.1	33426.5	31813.3	30648.8	31065.5	32656.1	35106.8	35147.2	31914.7	28676.4	25419.1	22227.0	4
24-07-2013	19095.5	18435.0	18134.9	17702.6	20103.8	24853.5	35063.7	38641.1	36165.7	34723.1	34012.3	34169.1	34558.9	33986.7	31863.1	31117.8	31223.3	33168.1	34979.6	34699.9	31494.0	28878.4	26583.6	21217.9	4
25-07-2013	18116.9	17236.7	17479.5	17114.0	19000.3	25668.2	36823.0	40647.3	38078.4	34661.9	34874.4	34645.0	35112.6	34361.0	32597.5	31802.0	32099.1	33789.4	35673.1	32516.0	26893.3	25569.9	26599.6	22509.3	4
26-07-2013	19564.5	18825.4	18627.6	18300.2	20131.2	25741.3	36610.2	40957.0	37256.6	31899.8	32497.4	32217.2	32197.5	31870.4	31984.0	31671.4	31832.0	32947.8	33685.8	33167.0	30833.6	28583.4	24847.6	21168.7	4
27-07-2013	19535.2	19006.7	18880.6	18369.2	18923.0	22651.2	28389.7	34769.6	36833.1	35549.3	33961.4	34108.9	34113.2	31303.8	28461.6	28001.7	27821.6	29001.6	31423.6	31271.4	28490.8	26183.5	24126.5	20757.3	3
28-07-2013	19058.9	18185.8	17995.3	17355.0	17462.3	20354.0	23756.0	28505.1	32378.8	32287.1	31419.1	30677.4	29844.7	27600.1	25704.5	25618.6	26249.2	28911.7	30705.8	31341.7	29558.5	27098.0	24122.5	21223.7	3
29-07-2013	19115.9	18309.3	18070.8	17853.9	20469.6	24382.8	33621.5	37193.1	34582.8	32815.2	31861.9	31782.5	32276.7	31887.9	29841.2	27707.0	26703.9	27632.3	28853.7	29571.9	27682.4	22419.8	18849.4	18690.4	4
30-07-2013	17008.7	16262.6	15881.2	15453.0	17430.9	22488.5	31531.9	34383.1	32254.8	30941.2	30470.3	30188.2	31096.6	30372.2	28320.3	27566.5	27487.0	28627.4	30832.9	31279.1	28822.5	25802.2	23700.8	20686.9	4
31-07-2013	18036.6	17476.8	17251.7	17302.9	18014.4	23113.8	33165.8	36512.0	34310.1	32615.5	31131.4	31521.3	28967.2	28195.1	27865.0	28489.1	28304.1	29712.0	31543.7	32063.9	30097.6	27025.2	24203.6	20661.1	4
01-08-2013	18928.3	18169.5	17514.9	17006.2	18411.8	23933.0	33079.5	36729.9	34667.4	32425.0	31657.3	31623.2	32061.2	31265.6	29937.5	29035.5	28554.2	29821.2	31718.6	31614.4	29446.0	26622.4	23629.1	20355.5	4
02-08-2013	18357.2	17784.8	17549.2	17203.8	17925.0	24241.9	33320.2	36323.1	35395.4	33211.9	32332.5	32034.5	32098.1	31292.4	29472.6	28836.5	28768.5	29490.1	31095.4	30772.3	28059.0	25548.3	23166.5	19333.8	4
03-08-2013	17792.3	17341.7	16734.8	16261.6	16942.1	20909.7	25985.9	31486.9	32833.3	31902.3	30423.1	29925.9	29142.2	28228.4	25917.4	25586.8	25558.2	26407.4	27568.7	26775.6	25853.1	23573.7	22062.9	19959.5	3
04-08-2013	17772.6	16735.8	16646.7	16161.2	16006.1	19362.3	21751.4	25996.1	28567.4	28815.8	28075.8	27308.2	26715.4	25134.7	23336.7	22999.8	23429.2	25120.1	26824.1	27304.7	26259.4	23799.7	21791.6	19061.1	3
05-08-2013	17514.2	17162.2	17130.2	16821.0	17990.5	22327.5	30062.7	34016.2	34299.9	32866.7	31632.0	30764.7	30268.2	29518.6	27893.2	27340.4	27591.9	28096.3	29832.1	30058.7	28129.8	25382.6	22427.4	19579.2	4
06-08-2013	18108.3	17233.6	17083.4	16626.3	18225.1	21890.3	30105.4	34235.4	33297.7	32001.4	30987.0	30210.3	30545.6	29637.8	27954.2	27497.9	27298.7	28311.4	29927.3	29739.6	27061.0	24655.5	23325.3	20001.8	4
07-08-2013	17855.8	17221.3	17196.4	16706.1	18182.7	22389.6	29250.6	32615.2	31018.3	29767.8	29418.8	28609.8	28378.2	27538.9	26714.7	25960.6	25758.2	27478.6	28586.5	28510.0	26409.2	24362.0	22088.5	20362.2	3
09-08-2013	16884.9	16605.3	16475.1	16107.2	17327.4	19998.5	25401.7	28755.5	28365.3	27187.8	26541.5	26601.6	26568.8	25870.1	25013.1	24499.7	24249.2	24886.6	26284.5	26118.9	24115.5	22100.9	20229.9	17712.7	3
10-08-2013	16705.0	16343.9	16168.4	15753.9	16842.6	18601.9	23478.4	27034.1	28389.6	27032.2	25287.6	24786.1	24273.7	23150.2	21964.8	21728.3	21903.3	22623.5	23656.2	24006.1	22065.8	21247.3	18785.6	17427.2	3
11-08-2013	17172.3	16918.8	16413.6	15944.7	16687.8	17628.1	20334.6	22525.2	24339.0	24171.0	24072.8	23534.7	22921.9	21515.8	20080.6	20003.3	20231.4	21214.0	22512.0	23042.7	21874.2	21200.0	19409.2	16910.5	3
12-08-2013	16310.9	16176.7	16048.0	15771.3	15909.6	20140.0	24249.0	28013.4	28537.2	27350.7	26021.3	25284.0	24265.1	23341.9	22576.3	22321.2	22197.5	22934.6	24359.5	24546.8	22577.9	21031.7	19603.3	17406.8	3
13-08-2013	16806.4	16641.1	16514.0	16154.0	16102.8	19035.2	23308.0	26884.3	27376.5	26150.2	24964.7	24711.8	24541.9	23199.3	22222.8	21963.4	22310.2	22968.8	24323.4	24401.3	22556.6	20892.4	19769.4	17798.7	3
14-08-2013	16695.7	16116.0	16205.2	15564.0	17050.2	18192.8	22102.8	23892.1	24653.7	23871.2	23053.3	22833.8	22663.2	21637.2	20422.5	19724.1	19828.4	20207.2	21219.0	21539.9	20478.6	19640.8	18086.6	16498.0	3
15-08-2013	16068.3	15694.7	15339.1	14903.1	14843.9	16142.8	20219.3	22563.4	23577.3	22929.4	21939.7	20940.9	20013.8	19604.2	18322.9	18476.6	18775.6	19398.2	20432.8	20864.1	19669.6	18777.0	17929.9	16314.3	3
16-08-2013	15836.6	15737.9	15352.1	15050.8	15013.1	17313.1	21381.4	25209.8	26345.9	25101.3	23706.9	23152.1	22833.0	21896.4	21036.2	20876.8	20574.5	21275.3	22202.2	22490.3	20779.7	19479.4	18869.7	17469.3	3
17-08-2013	16134.2	15748.4	15567.1	15227.4	15168.0	17233.0	20675.0	24467.7	25502.0	24399.0	23197.5	22794.6	22610.6	21298.3	20215.3	20206.9	20328.3	21598.0	22511.0	22713.3	21337.4	20086.8	19515.2	17699.7	3
18-08-2013	16299.6	15774.9	15576.7	15325.1	14934.5	17620.1	19310.0	22484.4	24079.0	23968.4	23573.0	23171.2	22475.5	21312.9	20285.6	20018.7	20441.9	21386.1	22509.9	22699.8	20900.2	20118.6	19497.7	17833.2	3
19-08-2013	16166.9	16108.6	15852.0	15336.3	15906.6	19949.7	24517.5	28802.0	29059.3	27676.4	26706.7	25709.1	25190.3	24107.0	23541.7	22761.3	22078.9	22726.9	23440.1	23285.2	21419.8	20239.2	18853.1	16746.3	3
20-08-2013	15549.5	15397.2	15372.6	15168.8	15249.7	18116.8	22873.5	25507.5	25234.3	24207.2	24128.1	23796.0	23457.7	22874.5	22124.9	21436.1	21342.3	22141.9	23320.6	23753.8	21805.2	20207.2	19177.0	17088.4	3
21-08-2013	15745.3	15541.2	15438.1	14946.7	14883.2	18497.6	23580.4	26923.0	26558.6	21876.4	24484.8	24366.7	24311.9	23431.5	22259.2	21620.0	21634.1	22823.9	24127.2	24213.3	22582.6	20760.0	20043.9	17210.2	3
22-08-2013	15861.2	15160.9	15026.7	15170.2	15892.3	18492.1	23756.5	27343.4	27749.3	26270.9	25093.0	24739.7	24656.8	23258.4	22435.4	22293.2	22285.0	22892.8	24446.2	24580.2	22821.5	21057.1	20267.4	17712.0	3
23-08-2013	16196.0	16039.3	15782.7	15593.4	15502.2	18481.7	24335.7	27926.2	28601.5	27296.4	26051.9	25235.0	25313.2	24181.1	23161.2	22787.4	22818.1	23659.1	24625.6	24652.4	22960.2	21168.5	19825.2	17943.6	3
24-08-2013	16159.1	15653.4	15305.5	15090.0	15087.8	16827.2	20426.8	24262.5	26102.2	25902.0	24987.2	24768.6	24740.9	23325.2	22004.4	21712.9	21477.4	21731.6	21854.2	22559.2	21034.1	19561.3	18083.3	17001.4	3
25-08-2013	15458.2	15184.1	14877.9	14539.2	14270.4	15406.8	18361.4	23916.4	25784.5	26081.5	25096.8	24892.7	24170.0	23209.9	21659.8	21235.6	21178.9	21332.1	22513.6	22575.4	21648.8	20496.8	19433.9	16436.2	3
26-08-2013	15502.1	15311.2	15030.9	14578.0	15033.9	19366.8	25241.2	28557.0	28450.3	26652.9	26021.3	25983.2	26253.3	25321.5	24010.2	23018.5	22676.1	23383.2	25509.7	26035.1	23729.1	20723.8	18731.1	15986.4	4
27-08-2013	14888.7	14399.3	14425.0	14117.9	15113.5	19099.1	25937.2	28599.5	28127.1	26806.8	25821.1	25591.2	26198.5	25308.7	23841.3	22550.1	22312.4	23792.2	25322.3	25677.1	23823.8	20893.4	18688.4	15431.3	4
28-08-2013	14812.1	14417.2	14484.6	14126.4	14699.9	19292.0	26438.4	30084.3	29128.8	28005.3	27101.6	27235.4	27415.5	26665.1	24474.3	24035.2	24095.9	24799.5	26842.1	27174.7	24630.7	21626.8	19957.6	17163.6	4
29-08-2013	15013.4	14549.6	14261.6	13248.5	15675.0	19514.4	26722.1	30114.1	28938.4	27409.5	26289.5	26157.0	26516.2	25794.4	24295.6	23475.0	23146.7	24311.7	26206.4	27170.8	24859.3	21296.6	18886.5	16488.4	4
30-08-2013	15285.7	15018.7	14800.5	14425.4	16187.0	19912.3	25152.7	27373.1	29334.5	28747.6	27880.5	27721.7	28242.5	27433.7	25118.3	24731.7	24306.5	25350.0	27025.8	26955.2	24481.6	21885.7	20678.7	17452.5	3
31-08-2013	15465.8	14866.2	14437.8	14154.2	14623.2	17464.0	21751.3	27980.0	30587.8	29997.9	28738.0	27768.6	27504.7	26715.2	24726.1	24097.5	23913.3	24177.4	26194.2	26435.5	23823.7	21516.8	20774.4	16240.3	3
01-09-2013	14108.2	13924.6	13695.7	13146.0	12904.2	15271.2	18199.4	22178.9	25720.2	25925.7	25153.9	27818.8	27729.2	25682.8	24264.3	23559.7	23762.2	24987.5	27440.7	28140.8	24639.8	22617.8	20303.8	17649.2	5
02-09-2013	15304.1	14622.8	14338.4	14225.8	15736.1	20751.7	31460.4	34665.4	32302.4	30953.2	29982.1	29972.2	30944.6	29999.4	27400.6	26276.6	25996.4	26708.1	30004.1	30995.0	27486.4	23962.8	21681.3	17074.6	6
03-09-2013	15341.8	14584.5	14255.0	14453.7	15894.7	21149.5	33348.1	36389.5	33787.0	31337.5	30707.1	30536.1	31785.8	30761.4	28194.7	27090.3	27155.1	28869.1	31660.8	31885.0	28598.6	25168.3	21803.6	17851.4	6
04-09-2013	16197.8	15504.8	15064.9	14889.4	16423.0	22235.5	33215.4	37748.3	34750.5	30991.6	24412.9	30676.9	31660.6	30929.1	29355.3	28033.0	28050.5	29683.2	32598.9	32243.5	28505.1	24943.8	22902.1	18010.9	6
05-09-2013	15970.8	15403.0	15134.2	14752.2	17095.9	21735.7	30142.0	38122.5	35142.5	32866.4	31450.4	32206.8	32866.4	31732.7	29149.8	28057.5	27939.3	28957.5	32568.8	32889.8	28708.6	24344.0	22273.6	18678.9	6
06-09-2013	16206.9	15628.5	15402.5	15238.6	16299.0	21828.2	34132.7	38995.6	36040.0	33715.4	32181.6	32782.8	32934.4	32257.2	29534.8	28726.0	28272.2	29333.8	31950.3	31886.1	28793.5	25085.5	21888.6	18963.8	6
07-09-2013	16846.6	15827.7	14157.8	13957.1	14619.5	18051.1	24557.9	33103.5	36269.1	34566.5	32457.2	31755.8	31870.4	30057.4	27805.3	26929.9	26630.6	27691.3	29625.1	29138.5	26424.8	23739.1	22465.8	19249.7	5
08-09-2013	16083.2	15674.2	15241.5	14774.2	14755.4	16183.7	22159.7	28021.7	32237.0	32734.7	31693.1	30286.6	30305.8	27590.4	25719.2	25082.6	25047.1	26522.2	28730.8	30448.3	27161.1	23145.4	21849.4	18177.2	5
09-09-2013	15721.4	14939.6	14746.7	14494.9	16139.2	22179.8	34601.7	38730.0	35836.3	33890.0	32284.6	32303.7	33156.5	31988.7	29059.1	28205.8	27660.5	29154.3	31617.3	32938.0	29401.8	25149.0	22739.4	17992.7	6
10-09-2013	15811.2	15264.0	14931.8	14747.3	16305.2	21996.3	34285.7	37467.4	34396.9	32291.5	31331.5	31251.5	32719.5	31287.1	28424.4	27391.7	27113.5	28446.9	31966.3	32589.5	28427.2	24594.2	22121.4	17118.4	6
11-09-2013	14753.8	14268.0	13839.5	13656.5	16001.0	21613.7	34364.1	37982.1	33720.3	31713.8	30530.6	30511.9	31431.4	30545.3	27713.1	26464.1	26432.0	28045.8	31235.2	31858.3	28522.1	24688.1	21900.8	17287.2	6
12-09-2013	14626.0	14239.2	13952.1	13847.5	15323.3	22296.2	36349.4	37786.4	33471.4	30944.1	29841.6	29641.4	31429.3	30657.9	28100.6	26535.8	25944.0	27668.4	30680.7	31149.2	27669.7	23868.0	21549.6	17266.8	6
13-09-2013	15104.8	14610.2	14452.7	14066.8	15360.3	22448.0	35763.5	37583.4	34543.6	32357.8	30925.9	30758.9	31768.7	30971.1	28379.2	26562.6	26177.2	27657.8	30399.6	31163.5	26927.9	23393.2	20726.1	16887.8	6
14-09-2013	15714.5	14955.0	14319.1	14063.0	14122.6	17439.2	26192.0	32907.2	35911.7	33849.3	31528.1	30947.6	31172.1	29813.7	27153.4	25989.6	25632.3	25736.8	27372.4	28028.7	25138.2	22952.5	20264.9	18215.8	5
15-09-2013	16535.0	15203.4	14722.8	14249.3	14231.4	15232.8	19982.4	26204.6	32044.1	32765.6	30984.5	29680.4	29638.9	27439.5	24454.3	23307.7	23907.3	25363.6	27918.0	28553.2	25769.7	22986.3	19725.1	16151.6	5
16-09-2013	14196.0	13683.8	13568.1	13561.5	15290.5	21648.7	35734.9	36566.5	34023.0	31981.2	31084.8	31016.2	31552.4	30825.8	27604.9	25359.5	25431.3	26675.0	30486.7	31619.9	28174.9	24246.8	20282.7	16736.1	6
17-09-2013	14251.6	13826.3	13662.5	13630.1	14754.3	21770.0	35844.2	36874.9	33138.2	31123.5	29845.9	29942.9	30625.9	30112.1	26829.7	25601.1	25526.5	27532.6	30998.8	31594.7	27493.9	22938.4	20591.4	16339.8	6
18-09-2013	14070.4	13731.6	13731.1	13875.7	14995.7	21171.3	36065.6	37339.5	33185.8	30979.0	29733.0	30022.9	30855.4	30094.6	27079.7	25410.4	25424.5	27564.8	31036.9	31744.9	27742.6	23105.8	20006.6	17002.4	6
19-09-2013	14331.8	13854.6	13803.8	13383.3	15541.1	21383.6	35485.5	36831.0	33404.5	31225.9	29766.2	30179.6	30953.8	30431.7	27700.1	25957.4	25604.2	27885.5	31278.6	31470.1	27936.7	24083.3	20487.4	16885.4	6
20-09-2013	14538.9	14089.1	13936.2	13630.2	15200.4	22098.9	35754.9	37322.8	34024.7	31764.2	30857.4	30605.7	31103.2	30499.6	27821.2	25960.4	25774.1	27614.0	30333.0	30118.2	26465.9	21898.6	19553.4	17052.2	6
21-09-2013	14625.8	14020.8	13755.6	13391.4	13982.0	17488.9	23980.9	32588.6	36061.4	34524.7	32025.7	31222.7	31682.0	29750.0	27115.2	25755.5	25297.4	26343.9	28736.0	28071.5	24221.1	21393.3	19703.7	17088.3	5
22-09-2013	14872.8	14295.5	13942.2	13174.9	13428.0	14766.7	20583.2	27924.7	33768.3	33936.9	32324.9	30857.1	30049.8	28348.7	25289.0	23994.4	24241.6	25891.2	28836.7	28943.9	26100.4	22137.9	19511.6	16441.8	5
23-09-2013	14495.3	13857.9	13676.2	13821.6	14844.8	21770.1	35239.5	37220.9	34487.7	32860.8	31113.9	31417.5	31956.2	31315.0	28395.2	26422.0	26109.8	27875.9	31570.3	32106.8	27864.5	23826.6	20392.7	17107.6	6
24-09-2013	14538.8	13728.7	13533.3	13506.8	14048.9	21773.8	36268.6	38194.9	34368.0	31944.7	30438.9	30784.0	31813.0	30965.3	27999.3	26333.1	26180.0	28620.8	31853.7	31966.5	27289.3	23708.1	20397.6	16814.4	6
25-09-2013	14082.0	13638.3	13496.6	13299.0	15414.8	21511.3	36117.8	37444.9	33819.8	31855.2	30591.3	30818.2	31756.4	31083.0	27983.2	25999.0	25883.6	27970.6	31869.5	32107.3	27716.2	23880.7	21436.7	16083.2	6
26-09-2013	14379.2	13780.7	13512.3	13575.9	15338.1	21814.8	36038.9	37890.4	34211.9	31938.3	30510.5	30787.0	31792.7	30988.3	28286.6	26598.6	26586.6	28661.1	31640.7	31769.8	27484.0	23547.1	20636.4	17192.4	6
27-09-2013	14473.8	14022.2	13762.1	13635.8	15018.3	22478.4	36027.1	37575.9	34426.3	32166.6	30941.9	30969.6	31824.3	31401.6	28806.3	27216.1	27017.8	28857.7	31281.4	30907.1	26881.5	23397.6	20188.3	17097.9	6
28-09-2013	14733.0	14169.7	13870.7	13510.4	14593.5	18128.5	24720.2	32922.3	36227.2	34719.1	32503.4	31942.3	32312.2	30376.5	27506.1	26192.4	25573.9	26954.7	29028.8	28330.3	24624.3	21972.7	19945.2	17090.2	5
29-09-2013	14965.7	13827.4	13275.4	12777.1	13021.1	15352.1	19367.8	27003.9	33450.8	33846.6	32133.2	30836.2	30637.6	28679.9	26016.4	24159.5	24381.9	25959.9	28830.2	28638.4	25303.9	22354.8	19751.7	15565.5	5
30-09-2013	13429.1	13150.3	12995.8	12917.0	14021.1	21793.1	33977.0	35939.0	33530.6	31536.4	30118.2	30241.9	30585.8	29185.7	26470.1	24794.6	24540.2	26303.2	30186.5	31425.0	27188.7	22630.9	19858.5	14057.3	6
